752
-0.298342 -0.481821 0.113446
-0.262055 -0.482181 0.0623816
-0.263789 -0.480977 0.100965
-0.297466 -0.481834 0.0446665
-0.334387 -0.482619 0.0750922
-0.310484 -0.479911 0.0475449
-0.319198 -0.478505 0.105727
0.506464 -0.481075 0.112164
0.474187 -0.48065 0.0964706
0.485942 -0.477909 0.0512475
0.517414 -0.478452 0.0470608
0.528581 -0.478851 0.106813
0.547317 -0.479545 0.0819283
-0.13854 -0.476163 -0.109575
-0.152788 -0.477589 -0.10951
-0.104445 -0.478845 -0.13639
-0.135793 -0.474259 -0.17808
-0.315318 -0.447876 0.0722596
-0.168044 -0.474586 -0.164879
-0.178903 -0.475711 -0.139765
-0.309862 -0.450192 0.097851
-0.293606 -0.453809 0.042004
-0.0987665 -0.471368 -0.152214
0.539761 -0.459252 0.0517054
-0.1616 -0.464872 -0.120081
0.477503 -0.461051 0.0850684
0.53685 -0.456413 0.105276
-0.110594 -0.458474 -0.11473
-0.169882 -0.458474 -0.148243
-0.264626 -0.453142 0.0499718
0.509748 -0.454961 0.110529
0.407297 -0.472695 -0.138182
0.382288 -0.473121 -0.125334
0.356428 -0.470668 -0.167156
0.34939 -0.471924 -0.132798
-0.251687 -0.458834 0.0710101
0.412956 -0.471335 -0.177976
0.382281 -0.471897 -0.196724
0.35234 -0.468941 -0.189012
0.335528 -0.46637 -0.164408
0.520797 -0.453456 0.0428806
-0.259785 -0.447006 0.0978313
-0.114637 -0.450813 -0.178407
0.421257 -0.451042 -0.154033
0.495781 -0.450872 0.0487485
0.489651 -0.446986 0.0972491
-0.146103 -0.440019 -0.171414
0.549829 -0.458461 0.0808947
0.361786 -0.438835 -0.136063
0.393481 -0.446941 -0.127787
0.363879 -0.43421 -0.180978
-0.285651 -0.447758 0.108835
-0.152801 -0.450611 -0.113971
0.398073 -0.436408 -0.193532
0.544007 -0.425124 0.0822096
0.486917 -0.439732 0.0726063
-0.105642 -0.423344 -0.132622
-0.114179 -0.413421 -0.165664
-0.140267 -0.409685 -0.147125
-0.129748 -0.415651 -0.122214
0.515118 -0.423351 0.0996761
0.413499 -0.421264 -0.167927
0.405668 -0.423227 -0.140923
-0.289603 -0.419923 0.0847871
-0.281883 -0.418222 0.0529549
0.365083 -0.421598 -0.164009
0.507621 -0.412152 0.0585939
-0.255173 -0.423011 0.0861085
0.386076 -0.408423 -0.141963
0.403241 -0.413192 -0.182038
-0.2538 -0.417019 0.0566575
-0.0953387 -0.406244 -0.142925
0.532696 -0.407396 0.0527455
-0.266078 -0.387921 0.0963463
0.424979 -0.400448 -0.141558
0.524264 -0.394855 0.0975566
0.393998 -0.401417 -0.180579
0.547336 -0.398865 0.0861739
0.50475 -0.391395 0.0863963
-0.226089 -0.39545 0.0568211
-0.25569 -0.386789 0.0396555
-0.232369 -0.399186 0.0887383
0.381994 -0.391002 -0.166174
0.569003 -0.382707 0.0699504
-0.280451 -0.38323 0.0623292
-0.0888231 -0.381451 -0.118387
-0.14325 -0.367373 -0.133878
0.423723 -0.367059 -0.191641
-0.218579 -0.376891 0.081091
-0.117469 -0.38202 -0.169615
0.443728 -0.379763 -0.172258
-0.0865923 -0.37071 -0.164644
0.508721 -0.359896 0.0519736
0.412354 -0.369107 -0.130391
-0.141196 -0.353819 -0.149355
0.395633 -0.340127 -0.138627
0.397262 -0.366608 -0.18928
0.54417 -0.364364 0.0404928
-0.0746994 -0.367798 -0.140498
-0.132875 -0.35132 -0.116477
0.441223 -0.374877 -0.139948
-0.230256 -0.350299 0.0527848
-0.247291 -0.358287 0.0883392
-0.214457 -0.356671 0.0757006
0.563848 -0.365666 0.0876524
0.440183 -0.341187 -0.169759
-0.256704 -0.330615 0.0555978
-0.267204 -0.344582 0.0754847
0.524296 -0.343358 0.0984397
0.563043 -0.343548 0.0668757
0.498823 -0.319579 0.0732801
-0.103967 -0.318539 -0.122266
0.382844 -0.321077 -0.166187
0.545145 -0.297161 0.0609227
-0.125555 -0.326841 -0.15752
0.546512 -0.33036 0.0806134
0.39772 -0.320665 -0.181436
0.50036 -0.307529 0.0844665
0.423717 -0.285974 -0.156604
-0.0953779 -0.319317 -0.141015
0.511357 -0.317996 0.0557875
-0.142021 -0.290331 -0.109634
-0.221117 -0.278863 0.0950249
-0.255317 -0.305717 0.0824778
-0.158846 -0.295139 -0.13743
-0.207674 -0.305037 0.0629245
-0.155098 -0.294459 -0.118171
-0.25953 -0.294537 0.0565201
-0.114238 -0.285758 -0.143566
0.523008 -0.292208 0.0512279
0.405178 -0.272871 -0.143317
0.51958 -0.27414 0.0895102
0.544478 -0.289173 0.0729399
0.420518 -0.274801 -0.166711
-0.151303 -0.267906 -0.14948
-0.195866 -0.270078 0.0818825
0.376806 -0.278235 -0.143651
-0.228594 -0.280806 0.0460795
-0.11096 -0.277503 -0.121468
0.487826 -0.269764 0.0805873
0.491228 -0.261966 0.0573248
0.380862 -0.272923 -0.176451
-0.26318 -0.250047 0.0683215
-0.244144 -0.230186 0.0921596
0.367118 -0.221244 -0.133138
0.350829 -0.230448 -0.163335
-0.170955 -0.269934 -0.123031
-0.19756 -0.242295 0.0472505
-0.187761 -0.240705 0.0665487
0.48625 -0.218548 0.0403685
0.515256 -0.217737 0.0467598
-0.189874 -0.215762 -0.144887
0.413414 -0.233424 -0.161458
-0.23528 -0.228524 0.0318577
-0.214457 -0.225169 0.0980865
-0.254225 -0.227282 0.0403031
-0.171184 -0.235125 -0.0936459
0.345406 -0.207853 -0.139157
-0.119942 -0.226392 -0.133243
-0.122749 -0.217626 -0.100966
-0.140091 -0.221034 -0.0901526
0.517663 -0.192558 0.0835441
0.483659 -0.206426 0.101861
-0.166977 -0.206008 -0.155878
-0.183744 -0.211516 0.0800378
0.461986 -0.207211 0.0856898
0.351496 -0.203221 -0.180533
0.4571 -0.192466 0.0450917
0.379854 -0.187246 -0.176975
-0.19584 -0.19312 -0.0964523
-0.200831 -0.206976 -0.127467
0.395398 -0.199407 -0.134951
-0.149033 -0.159973 -0.134898
-0.247801 -0.169269 0.045059
-0.239336 -0.180757 0.0845581
-0.157904 -0.167025 -0.0852004
0.517486 -0.173253 0.0593985
-0.135289 -0.165168 -0.10181
-0.256024 -0.173149 0.0672094
-0.187859 -0.173561 0.0845777
-0.217951 -0.170578 0.0833544
-0.132744 -0.171559 -0.122384
0.436225 -0.171821 0.0821638
0.401207 -0.151129 -0.159999
-0.191489 -0.161314 0.0467337
0.398551 -0.159358 -0.134035
0.312514 -0.146766 -0.174894
0.457243 -0.160176 0.0958165
-0.199549 -0.157435 -0.138149
-0.183096 -0.149847 -0.133995
0.305671 -0.153438 -0.154236
-0.181016 -0.165462 0.0643441
0.345896 -0.168923 -0.116758
0.504815 -0.138288 0.0383537
0.471007 -0.152895 0.0761127
0.454077 -0.144326 0.0348211
-0.226435 -0.116922 -0.118688
-0.210218 -0.144914 0.0322502
-0.231845 -0.144672 0.0895953
0.497711 -0.135821 0.0848067
0.338367 -0.128763 -0.187304
0.404949 -0.140904 0.0750071
0.410117 -0.145359 0.0939128
0.429788 -0.129155 0.106787
-0.255494 -0.128599 0.0853366
0.294563 -0.122869 -0.129926
0.512646 -0.130071 0.0663851
-0.218036 -0.0967931 0.0275205
0.426373 -0.139073 0.0476888
0.349638 -0.102007 -0.126296
-0.202414 -0.107129 0.0853824
0.328652 -0.124367 -0.122292
-0.196755 -0.0993575 -0.0646724
0.364593 -0.11649 -0.161072
-0.266124 -0.0853712 0.0640497
-0.218991 -0.111872 -0.136625
0.379985 -0.103394 -0.150526
-0.144801 -0.102275 -0.125615
0.387247 -0.103407 0.113224
-0.198332 -0.110995 -0.145201
-0.131789 -0.107253 -0.104636
0.276305 -0.111872 -0.157964
-0.235116 -0.0898916 -0.0967597
0.37256 -0.10221 -0.133603
-0.149046 -0.105245 -0.0734253
0.455621 -0.108071 0.0765837
-0.197128 -0.111892 0.0308961
-0.169332 -0.109046 0.0632385
0.481631 -0.107495 0.0421152
0.398786 -0.105631 0.0449347
0.490476 -0.112166 0.0718278
0.307882 -0.0884655 -0.199714
0.283213 -0.0913766 -0.192518
0.343777 -0.0820742 -0.1868
0.36647 -0.104041 0.0878813
0.337372 -0.101013 -0.143134
0.293778 -0.106351 -0.128252
-0.220947 -0.100175 0.108148
-0.178818 -0.0882627 0.0851469
0.429814 -0.0888645 0.0337548
-0.1808 -0.101765 0.0328913
0.275278 -0.0884066 -0.130332
0.372155 -0.0916448 0.0567818
-0.195997 -0.0791631 -0.157251
-0.0340555 -0.106527 -0.023407
0.0450343 -0.0967997 -0.067433
0.0381655 -0.104977 -0.0179185
-0.0701791 -0.104316 -0.0414165
-0.0385104 -0.104133 0.0136193
0.462922 -0.0864048 0.0687663
0.0611401 -0.0972314 0.0232357
0.265302 -0.0924887 -0.163545
-0.0966993 -0.0999397 0.0124287
-0.0853559 -0.100293 -0.0774877
-0.168927 -0.0620564 -0.140544
-0.137252 -0.100496 -0.0274106
-0.106996 -0.0968324 -0.101673
-0.134609 -0.0970221 0.0238833
-0.150924 -0.0971857 0.0577892
0.10128 -0.0901663 -0.0237995
0.0124695 -0.0929139 0.0434824
-0.0123827 -0.0913831 -0.0836435
-0.167115 -0.0967081 -0.00257808
-0.00451947 -0.0780576 0.0638796
-0.226671 -0.0888776 0.000529256
0.394358 -0.0936008 0.0547931
-0.133948 -0.0773314 0.0277299
-0.244608 -0.0820807 -0.0468527
0.363729 -0.0592696 -0.145175
-0.251386 -0.0837423 0.0327343
0.431933 -0.0789996 0.10716
0.350004 -0.0694682 -0.120559
0.339466 -0.0647713 0.0747455
0.12992 -0.0769258 -0.0000333351
-0.0792721 -0.0799089 -0.0853836
0.40243 -0.070757 0.118928
0.342756 -0.0730008 -0.130947
0.119244 -0.0785809 -0.0550299
0.345412 -0.0599173 0.102025
-0.255932 -0.0737727 -0.11562
0.450649 -0.0671525 0.0558136
0.357724 -0.0662039 0.0429852
-0.272352 -0.0636526 0.085958
0.373457 -0.0762651 0.0513456
-0.26057 -0.0524139 0.110254
0.432725 -0.0697495 0.0329829
-0.0727304 -0.069357 0.046701
0.0179384 -0.0667403 -0.127611
-0.264548 -0.0716532 -0.0897404
0.419275 -0.0642348 0.0349651
-0.208027 -0.0620303 0.110411
-0.108762 -0.0387089 -0.107161
-0.259556 -0.0497645 -0.147799
0.0747797 -0.0704233 -0.116634
0.125707 -0.065275 0.0446534
0.367386 -0.0639797 0.07084
-0.169902 -0.061906 0.0852646
0.0620756 -0.0689711 0.0732147
0.126335 -0.0543241 -0.115744
-0.0682035 -0.0615723 -0.102536
0.385225 -0.0602313 0.058136
0.174895 -0.0534867 -0.0195278
0.251073 -0.0610294 -0.154242
-0.233167 -0.0411424 0.121735
-0.278894 -0.0552465 0.00607012
0.253847 -0.0327559 -0.180815
0.16346 -0.0502028 0.026657
0.113088 -0.0406714 0.0915251
0.281002 -0.0305579 -0.191236
-0.186177 -0.052826 -0.156335
-0.295052 -0.0454862 -0.0899367
0.355316 -0.048129 0.0453468
0.341631 -0.0504121 -0.127741
0.32682 -0.0372305 0.0527783
0.353655 -0.0392584 -0.118315
0.416168 -0.034411 0.104968
-0.300253 -0.0330764 0.0573575
0.254279 -0.0492869 -0.13656
-0.135891 -0.0425031 0.0423311
-0.186949 -0.047815 0.11569
0.439051 -0.0395201 0.082661
0.276737 -0.0688075 -0.12992
0.265236 -0.0464936 -0.130234
0.333977 -0.039749 -0.187873
0.181044 -0.0434778 -0.0598054
0.0389897 -0.0394547 0.106551
-0.0235494 -0.0456432 0.0869524
0.429408 -0.0385911 0.0305559
0.366339 -0.0359548 0.0694466
-0.161142 -0.0185276 -0.161255
-0.0205402 -0.03027 -0.155675
0.44291 -0.034025 0.0488074
0.34044 -0.0390164 0.0277822
-0.156635 -0.0329456 0.096922
0.364632 -0.0355034 -0.153928
-0.294247 -0.0325727 0.000725509
0.06307 -0.0320886 -0.165474
0.378487 -0.0277776 0.114356
0.351614 -0.0341689 0.0831778
0.390256 -0.0328082 0.0484542
0.162321 -0.0197771 0.0806069
-0.220496 -0.020706 0.130848
-0.27733 -0.0150343 0.0954763
0.230598 -0.0294785 -0.157094
-0.133176 -0.0176706 0.0646385
0.305553 -0.0219489 0.0860169
-0.116998 0.00659276 -0.135101
-0.248946 -0.018436 -0.160555
-0.129578 -0.0202546 -0.119355
0.343083 -0.0250759 0.0481467
0.172684 -0.0225638 -0.125112
0.0959554 0.00841137 -0.189993
0.19925 -0.0338418 -0.10756
0.219143 -0.013183 -0.0718814
0.414958 -0.025645 0.0287242
-0.106564 -0.00618983 0.0755239
0.231801 -0.0146352 -0.128592
0.363925 -0.0173239 -0.185283
0.202606 -0.0294131 -0.136926
-0.216989 0.00533674 -0.178479
0.337588 -0.0136867 -0.11191
0.321142 -0.015695 0.115893
0.263267 -0.00865607 -0.121174
-0.291997 -0.00889158 -0.101463
0.167143 0.000744429 -0.149813
-0.0526341 0.00850949 0.107605
0.106887 -0.00225824 0.121584
0.303859 -0.0109588 -0.110033
0.381765 -0.0184229 0.046786
0.322987 -0.0182463 0.00156939
0.432974 0.00360318 0.0937427
0.206747 -0.0176902 -0.162603
-0.30544 -0.00265074 0.0842179
0.320939 -0.011927 -0.105781
0.231893 -0.00287316 -0.019325
-0.203768 0.0357101 0.130455
0.209638 -0.00359275 0.0420302
0.352857 -0.00757014 0.0119773
0.35336 -0.0153745 -0.0989054
-0.281406 -0.00211432 -0.135716
0.0390225 0.00181728 -0.190693
0.362486 -0.0114036 0.0619367
-0.130795 0.0350821 0.0929512
0.351228 -0.00949996 0.0352202
0.450636 0.0359718 0.0598237
0.257197 -0.011541 -0.116352
-0.16578 0.0120878 0.113715
0.279615 -0.00990555 0.0730969
0.280472 -0.0100102 -0.119218
0.329646 0.0027135 -0.203763
-0.32763 0.030058 -0.0621408
0.372083 -0.00521511 0.129618
0.428649 0.0139849 0.0048599
-0.241972 0.00839174 0.13192
0.293143 -0.00942146 0.100376
0.390838 0.00217053 0.0329371
-0.0399038 -0.00259187 -0.165638
0.369218 0.00361626 -0.0934169
0.410012 0.00821511 0.107193
0.31621 -0.00815236 -0.0611987
0.372861 -0.00640571 0.0408068
0.0442362 0.0147634 0.131835
0.340251 -0.00373667 -0.0501301
0.217161 0.0194408 -0.199132
0.200394 0.0152737 0.0862982
0.250589 -0.00251337 -0.091631
0.413715 0.00266771 0.0228432
0.263248 0.000541635 -0.0352345
0.243164 0.000705179 0.0161117
0.391669 0.0105113 0.127446
0.271124 0.00984401 -0.207453
-0.130285 0.02856 -0.145568
0.254344 0.0225743 0.126353
0.231559 0.00945805 0.0636245
0.378186 0.00806465 0.031269
0.258695 0.00791419 0.095195
0.409639 0.0373521 -0.152312
-0.107794 0.0439004 0.0947763
-0.321958 0.0378362 -0.122554
0.322601 0.0227313 0.136814
-0.26462 0.0206641 0.119118
0.248058 0.0314383 -0.211594
-0.325203 0.0287366 0.0499391
0.431757 0.0323476 -0.00679097
-0.326119 0.0566241 0.00394405
0.418752 0.0786894 -0.0950916
0.370461 0.0192511 -0.0560177
-0.00701842 0.0432266 -0.189908
0.37468 0.0458891 -0.180416
0.225907 0.0213117 0.0896214
-0.258647 0.0675488 -0.170747
0.38565 0.030686 -0.0271097
0.361067 0.0472759 0.138377
0.407114 0.0287039 0.0260094
0.395286 0.0410678 -0.17267
-0.321605 0.0389614 0.0813003
-0.175652 0.0408977 -0.170623
0.344581 0.0342121 -0.203678
0.109458 0.0522477 0.135688
0.290069 0.0403678 0.14276
0.154733 0.0365802 0.119125
0.0581833 0.048388 -0.204895
0.174005 0.0399884 -0.171113
-0.0144695 0.0538569 0.126955
0.419556 0.0495198 0.0760996
-0.337508 0.0693086 -0.109562
-0.300619 0.0604118 -0.153634
0.411556 0.047289 -0.01487
-0.306539 0.0473348 0.104785
-0.237216 0.0542691 0.128865
0.330713 0.0639836 -0.217678
0.212307 0.0756802 0.102561
-0.1033 0.0666657 -0.156754
0.413407 0.0790165 0.10228
0.41537 0.0798866 -0.0468658
0.456439 0.065776 0.0202526
0.296722 0.0574484 -0.212169
0.0426597 0.0563297 0.137422
0.390341 0.0823659 0.12358
0.442695 0.080338 -0.0184026
0.428937 0.041179 -0.0162111
0.12873 0.0722589 -0.2015
0.212909 0.0773222 -0.20532
0.276416 0.0890254 -0.220942
0.364292 0.0757326 -0.203868
0.197372 0.0957373 0.106264
0.183877 0.0707805 -0.179762
-0.286731 0.083478 0.119936
-0.341812 0.098982 -0.0308058
0.413688 0.0582726 -0.0281891
-0.321239 0.0864872 0.0931409
-0.194486 0.089359 -0.169897
-0.344867 0.106433 0.0288158
-0.147921 0.0897058 -0.164585
-0.110215 0.0890254 -0.156074
-0.096804 0.101507 0.0982631
0.156283 0.0951223 0.121192
0.240672 0.122467 0.121617
0.42827 0.0803249 -0.148498
0.419249 0.113302 -0.17129
-0.329671 0.109684 -0.131274
0.397498 0.118555 -0.179362
0.180043 0.0971568 -0.185551
-0.190652 0.1389 -0.159554
0.104276 0.115238 -0.205058
0.0902379 0.101945 0.131973
0.0365824 0.10763 -0.200348
0.427007 0.132149 0.070441
0.0276791 0.112733 0.124901
-0.135806 0.0965877 0.100324
0.447542 0.104372 0.0544399
-0.296871 0.120544 -0.155472
0.289173 0.115035 0.128885
-0.29689 0.126869 0.107088
-0.353574 0.126372 -0.00690872
0.453704 0.127412 0.0237656
-0.0697146 0.123108 -0.158023
0.361145 0.139456 0.121499
-0.233101 0.127216 0.122193
-0.170575 0.130585 0.111235
0.436853 0.111817 -0.12432
0.2975 0.128786 -0.216873
0.204372 0.139515 -0.204731
0.447666 0.147836 -0.00864229
0.169629 0.130238 -0.187991
0.434504 0.143387 -0.0421492
0.369106 0.144028 -0.202684
-0.275158 0.150413 0.10871
0.176046 0.141588 0.100363
-0.326361 0.154391 0.0617143
-0.0631205 0.141301 0.0874757
-0.349283 0.138344 -0.0732552
0.316 0.138592 0.130828
0.394462 0.154574 0.098093
-0.10381 0.144676 -0.143677
-0.116508 0.153913 0.0826414
0.101706 0.14361 0.109855
-0.350205 0.139299 0.0353641
0.324086 0.164982 -0.21162
-0.235476 0.156438 -0.153843
0.0417896 0.163981 -0.173423
-0.373945 0.161606 0.0297447
0.436244 0.145546 -0.122063
-0.342133 0.155503 -0.0901722
0.0759768 0.149582 -0.18926
0.146687 0.175736 -0.176674
0.265243 0.16767 0.123717
0.065824 0.167854 0.0837535
0.437657 0.169018 0.0357435
-0.205973 0.177274 -0.146189
-0.322867 0.186844 -0.104865
-0.292802 0.172479 -0.138156
-0.387258 0.187086 -0.00450135
-0.299389 0.180008 0.0715793
0.247181 0.196009 -0.204836
0.40839 0.182272 -0.151429
0.149729 0.175102 0.082504
-0.0568535 0.170078 -0.126741
0.189614 0.202394 0.0929773
-0.218297 0.174317 0.104321
0.33034 0.189553 0.10419
-0.148288 0.196572 0.0790892
-0.370249 0.20594 -0.0701675
0.197346 0.188009 -0.1973
0.00112607 0.179629 0.0523269
-0.0451634 0.185562 0.0349323
-0.0848261 0.189101 0.0474794
0.371782 0.197259 0.0805676
0.425078 0.186864 -0.0352672
0.361381 0.187289 -0.188645
-0.0898697 0.192784 -0.102778
0.422978 0.185608 -0.0978784
-0.38786 0.197344 -0.0241462
-0.157237 0.2199 -0.112028
-0.213502 0.204252 0.0821573
-0.182979 0.205246 0.0755109
0.0998542 0.203801 -0.137541
-0.396672 0.235574 -0.0462312
0.0436671 0.20068 -0.124438
0.120807 0.210015 0.0376406
0.417489 0.201936 0.00526549
-0.0423504 0.194688 -0.0960009
0.243956 0.203029 0.101665
-0.400283 0.20102 0.0324007
-0.405248 0.247277 0.0627414
0.141362 0.197959 -0.164578
0.396569 0.205979 0.0466355
0.336489 0.211252 -0.183955
0.391512 0.214758 -0.126839
-0.369589 0.232597 0.0592153
-0.344835 0.225859 0.0690999
0.41168 0.207739 -0.0561158
-0.239689 0.213162 0.0781799
-0.297145 0.215425 -0.101522
-0.243261 0.218748 -0.116248
0.0950526 0.205285 0.0309353
-0.00911832 0.202656 -0.00326496
-0.0460662 0.205953 0.00317867
0.208912 0.226978 -0.177184
0.0639531 0.212076 -0.0113506
-0.10088 0.22181 0.0218227
-0.284598 0.205128 0.0607134
-0.0752358 0.213037 -0.068048
0.00246713 0.205809 -0.0699647
0.147007 0.220305 -0.145535
-0.0444307 0.207595 -0.0474087
-0.11202 0.246682 0.00397022
0.0928807 0.222229 -0.0796923
0.371167 0.233533 0.00472252
0.302498 0.228012 0.0727895
-0.16056 0.250731 -0.076042
-0.206156 0.232408 0.0619367
-0.365526 0.244883 -0.0777101
-0.235731 0.246616 0.0410751
0.366535 0.240284 -0.051131
0.202102 0.237072 0.0575668
0.3429 0.232532 0.0474336
-0.2758 0.237772 0.044274
0.267238 0.248265 -0.154255
0.133747 0.232728 -0.0140719
-0.149164 0.240539 0.0320474
0.317126 0.239159 -0.150225
-0.438218 0.259569 0.0458178
-0.436805 0.271122 0.0118661
-0.12076 0.251948 -0.0450014
0.190667 0.251078 -0.129344
-0.338103 0.25758 -0.0842323
-0.616664 0.239865 0.271626
-0.575144 0.23418 0.272097
-0.591727 0.234429 0.306611
0.345164 0.245419 -0.101692
-0.253544 0.261545 -0.0810072
-0.568013 0.247454 0.307004
0.153111 0.243306 -0.0722543
0.212255 0.251981 0.0230787
0.287066 0.247172 0.0430114
-0.343814 0.256344 0.0709709
-0.630997 0.250384 0.301843
-0.38854 0.308155 0.0790238
0.309668 0.254519 0.00324408
-0.401473 0.273627 -0.0558541
-0.302895 0.260675 -0.0807978
-0.599787 0.255644 0.331006
-0.173925 0.270965 0.010911
-0.597307 0.270585 0.225049
-0.44162 0.268688 0.0669281
0.299875 0.258359 -0.0881181
-0.144729 0.26753 -0.0165971
-0.628963 0.271462 0.263926
0.215212 0.261603 -0.0938225
-0.394323 0.265398 0.0661431
-0.548558 0.269362 0.277075
-0.20628 0.299048 -0.051445
0.237597 0.26231 -0.0322515
-0.549585 0.266353 0.229628
-0.246087 0.275642 0.0385957
-0.565037 0.274981 0.311982
-0.176842 0.291421 -0.0415604
-0.379434 0.293213 -0.0669032
-0.585866 0.278174 0.31299
-0.617299 0.273758 0.290466
-0.63016 0.279325 0.310059
-0.598236 0.278246 0.332007
-0.371106 0.331175 0.0744184
-0.528265 0.286848 0.260839
-0.604516 0.287038 0.218762
-0.43148 0.291408 0.088071
-0.462626 0.278063 0.0649917
-0.443772 0.329304 -0.0143074
-0.553582 0.279462 0.138436
-0.483899 0.267556 0.119759
-0.56278 0.276833 0.174102
-0.513062 0.274203 0.183044
-0.470417 0.271763 0.0922185
-0.497676 0.290577 0.220371
-0.445512 0.291617 0.11206
-0.528167 0.28206 0.112714
-0.187322 0.302751 -0.0154784
-0.573502 0.304295 0.313984
-0.454952 0.283636 0.15882
-0.628551 0.299362 0.27964
-0.612425 0.298388 0.312754
-0.545549 0.299716 0.080319
-0.329586 0.328467 0.0616881
-0.481106 0.317136 0.0445356
-0.250391 0.301423 0.0331988
-0.523987 0.319426 0.24892
-0.577106 0.298172 0.116305
-0.345286 0.311635 -0.064535
-0.599296 0.314036 0.166938
-0.543207 0.322782 0.275061
-0.459649 0.300429 0.185144
-0.439101 0.31435 0.150218
-0.511296 0.316365 0.0733652
-0.614113 0.310928 0.263802
-0.605576 0.326334 0.2297
-0.404227 0.352076 -0.0445107
-0.490297 0.327145 0.231761
-0.217441 0.326956 -0.0365036
-0.222896 0.324208 0.00536361
-0.428517 0.323515 0.0872271
-0.461684 0.328218 0.0234712
-0.573744 0.345142 0.27682
-0.278554 0.364826 -0.0436668
-0.439069 0.355916 0.105806
-0.594874 0.349341 0.254153
-0.602946 0.343964 0.149315
-0.296445 0.341001 0.0438553
-0.576328 0.365676 0.100775
-0.458543 0.352246 0.188559
-0.511303 0.374305 0.0554931
-0.498285 0.392576 0.0274944
-0.519009 0.347503 0.247775
-0.377471 0.364302 0.0882019
-0.277245 0.371289 0.0153463
-0.288033 0.397155 -0.00738627
-0.319152 0.393649 -0.0379036
-0.488269 0.359298 0.22344
-0.601919 0.35659 0.192451
-0.446696 0.37753 -0.0203978
-0.365337 0.402304 -0.0353784
-0.446389 0.385328 0.128224
-0.522581 0.376084 0.244995
-0.593048 0.386989 0.134001
-0.366331 0.392975 0.0788275
-0.294071 0.393328 -0.0298114
-0.464189 0.394264 0.179296
-0.588489 0.389868 0.211043
-0.470652 0.395644 0.218965
-0.559692 0.383346 0.243922
-0.610495 0.398025 0.168966
-0.315129 0.407596 0.0219143
-0.556114 0.412397 0.0906616
-0.450275 0.42921 0.144055
-0.516098 0.405653 0.231316
-0.437721 0.429648 -0.00843295
-0.489133 0.423976 0.0203573
-0.454978 0.410762 0.144814
-0.469494 0.412574 0.198345
-0.495079 0.421301 0.228045
-0.53115 0.436805 0.0706045
-0.368719 0.423119 0.066444
-0.607774 0.415865 0.16425
-0.592885 0.422962 0.13926
-0.453042 0.458098 0.142341
-0.478509 0.440069 0.182246
-0.554262 0.43424 0.082903
-0.569367 0.43638 0.174972
-0.371348 0.437433 -0.0143532
-0.348936 0.440854 0.000686258
-0.507737 0.438303 0.206078
-0.400884 0.464267 0.0601966
-0.577093 0.453983 0.115546
-0.56768 0.471038 0.0879925
-0.486424 0.459178 0.0429722
-0.546772 0.475866 0.146934
-0.409677 0.467387 0.02109
-0.591825 0.471921 0.104667
-0.459904 0.469232 0.187872
-0.494837 0.477802 0.163177
-0.46154 0.487582 0.187754
-0.477972 0.479078 0.130625
-0.565501 0.478692 0.110863
-0.54078 0.474891 0.105407
-0.512205 0.480288 0.158565
-0.438074 0.481047 0.0484542
-0.505644 0.486045 0.0946193
-0.470417 0.501745 0.167475
-0.512644 0.483637 0.142217
-0.593827 0.507659 0.109613
-0.489368 0.511054 0.178046
-0.570721 0.510498 0.119694
1500
0 1 2
3 1 0
4 5 0
5 3 0
6 4 0
7 8 9
9 10 7
11 7 10
10 12 11
13 14 15
16 15 14
5 4 17
18 14 19
18 16 14
0 20 6
3 21 1
22 15 16
12 10 23
19 14 24
9 8 25
11 12 26
13 15 27
24 28 19
21 29 1
8 7 30
31 32 33
33 32 34
2 1 35
36 31 33
4 6 20
33 37 36
34 38 33
7 11 30
18 19 28
37 33 38
38 34 39
40 23 10
35 41 2
29 35 1
9 40 10
3 5 21
22 16 42
31 36 43
0 2 41
11 26 30
40 9 44
45 25 8
17 21 5
16 18 46
47 26 12
20 17 4
39 34 48
8 30 45
22 27 15
14 13 24
12 23 47
46 42 16
49 34 32
39 50 38
25 44 9
0 41 51
31 49 32
24 13 52
28 24 52
38 50 37
51 20 0
46 18 28
13 27 52
53 36 37
49 48 34
47 23 54
31 43 49
50 53 37
44 25 55
48 50 39
26 47 54
29 41 35
56 27 22
42 57 22
28 52 58
59 52 27
45 55 25
60 30 26
43 36 53
53 61 43
61 62 43
51 63 20
46 28 58
21 17 64
56 59 27
22 57 56
60 45 30
50 48 65
66 44 55
51 41 67
49 43 62
17 20 63
54 60 26
40 44 66
64 29 21
59 58 52
64 17 63
46 57 42
68 48 49
49 62 68
40 54 23
61 53 69
70 41 29
51 67 63
56 57 71
69 53 50
66 72 40
63 67 73
54 40 72
41 70 67
70 29 64
68 65 48
62 61 74
75 60 54
58 57 46
69 50 76
77 75 54
75 45 60
65 76 50
77 54 72
45 75 78
79 67 70
45 66 55
70 64 80
81 67 79
76 65 82
65 68 82
79 70 80
83 77 72
78 66 45
68 62 74
63 84 64
81 73 67
80 64 84
85 59 56
59 86 58
76 87 69
56 71 85
88 81 79
57 58 89
69 90 61
90 74 61
57 89 91
71 57 91
92 72 66
68 74 93
90 69 87
89 58 94
88 73 81
95 82 68
87 76 96
83 72 97
91 98 71
85 99 59
74 90 100
80 101 79
93 74 100
76 82 96
98 85 71
73 84 63
73 88 102
92 97 72
86 59 99
79 103 88
104 77 83
78 92 66
100 90 105
84 106 80
75 77 104
73 107 84
108 78 75
93 95 68
86 94 58
101 103 79
103 102 88
80 106 101
97 109 83
92 78 110
99 85 111
96 82 112
107 106 84
104 83 109
102 107 73
104 108 75
87 105 90
95 93 100
82 95 112
98 111 85
97 113 109
94 114 89
115 108 104
91 89 114
112 116 96
110 78 117
100 105 118
98 91 119
120 97 92
87 96 116
105 87 116
114 119 91
108 117 78
109 115 104
111 121 99
119 111 98
102 122 123
94 86 124
103 101 125
102 103 122
86 99 121
121 126 86
107 102 123
106 107 127
119 114 128
114 94 124
123 127 107
126 124 86
110 120 92
97 129 113
95 100 130
120 129 97
100 118 130
131 117 108
115 109 132
108 115 131
113 132 109
105 116 133
114 124 134
103 125 135
130 136 95
135 122 103
101 106 137
111 119 138
119 128 138
101 137 125
112 95 136
127 137 106
110 117 139
120 110 140
112 141 116
132 131 115
133 118 105
127 123 142
140 110 139
123 122 143
138 121 111
129 120 140
133 116 141
134 128 114
144 136 130
112 136 145
121 146 126
126 146 124
141 112 145
143 142 123
147 148 125
129 140 149
135 125 148
113 129 150
117 131 139
146 151 124
149 150 129
147 125 137
118 133 152
124 151 134
137 127 153
122 135 154
127 142 155
146 121 156
153 147 137
141 152 133
136 144 157
128 158 138
130 118 152
155 153 127
121 138 159
145 136 157
160 156 121
159 160 121
134 158 128
159 138 158
131 132 161
162 139 131
158 134 163
164 135 148
140 139 165
141 145 166
167 149 140
154 143 122
113 150 132
152 141 168
162 165 139
146 156 169
170 146 169
151 146 170
130 152 171
166 168 141
164 154 135
161 162 131
171 144 130
140 165 167
134 151 163
158 163 172
173 155 142
143 154 174
156 160 175
132 150 176
158 177 159
142 143 178
176 161 132
179 180 164
177 158 181
180 154 164
173 142 178
182 167 165
174 154 180
152 168 183
184 148 147
185 171 152
173 153 155
166 145 186
183 185 152
177 160 159
165 162 187
158 172 181
188 163 151
189 172 163
162 161 187
147 153 184
145 157 190
164 148 191
184 191 148
175 169 156
170 188 151
177 175 160
171 192 144
150 149 193
192 157 144
190 186 145
174 178 143
176 150 193
194 187 161
187 182 165
149 167 195
195 193 149
170 169 196
191 179 164
197 184 153
174 180 198
194 161 199
168 166 200
189 163 188
185 192 171
196 188 170
173 197 153
186 200 166
167 182 201
182 187 202
203 202 187
178 174 204
202 201 182
157 192 205
161 176 206
198 204 174
207 197 173
205 190 157
208 195 167
185 209 192
199 161 206
167 201 208
179 210 180
209 211 192
175 212 169
183 168 213
214 173 178
210 198 180
188 196 215
185 183 216
213 168 200
194 203 187
181 172 217
211 205 192
202 203 218
193 206 176
213 216 183
215 219 188
181 220 177
214 207 173
205 221 190
212 222 169
222 196 169
216 223 185
177 224 175
203 194 225
209 185 223
207 226 197
197 226 184
224 212 175
219 189 188
189 217 172
191 227 179
184 227 191
221 186 190
228 193 195
208 201 229
199 206 230
229 195 208
184 226 227
194 199 225
206 193 228
204 214 178
200 186 231
177 220 224
230 225 199
232 231 186
233 213 200
217 220 181
201 202 234
228 230 206
221 232 186
209 235 211
236 205 211
218 234 202
235 236 211
198 210 237
210 179 238
179 227 238
195 229 239
240 227 226
239 228 195
237 204 198
241 221 205
201 234 242
236 241 205
233 200 231
243 189 219
244 245 246
229 201 242
247 244 248
244 246 248
203 225 249
248 246 250
232 221 251
247 248 252
220 253 224
189 243 254
217 189 254
230 249 225
224 253 247
224 247 255
220 256 253
255 247 252
220 217 256
240 257 227
258 238 227
245 259 246
240 226 207
248 250 260
230 228 249
227 257 258
250 246 259
224 255 212
244 261 245
212 255 262
257 255 252
240 262 257
207 262 240
257 262 255
244 247 261
248 260 263
212 262 264
239 229 265
251 221 241
252 248 263
207 264 262
257 266 258
267 212 264
213 233 268
214 269 207
249 270 203
216 271 223
234 272 242
222 212 267
266 238 258
266 257 252
250 259 273
247 274 261
253 274 247
203 270 275
276 235 209
245 277 259
209 223 271
203 275 218
218 278 234
196 222 279
269 264 207
268 216 213
253 256 274
236 235 276
278 272 234
280 249 228
281 242 272
214 204 282
243 219 215
283 229 242
237 284 204
228 239 285
252 263 286
261 287 245
252 286 266
267 288 222
288 279 222
239 265 289
283 265 229
210 290 237
256 217 291
292 215 196
279 292 196
271 276 209
293 277 245
291 274 256
250 273 294
295 265 283
284 282 204
210 238 296
260 250 297
287 293 245
285 280 228
292 243 215
239 289 285
293 298 277
260 297 263
281 283 242
274 299 261
250 294 297
295 300 265
265 300 289
273 259 301
299 287 261
232 251 302
251 241 302
303 237 290
290 210 296
264 304 267
266 296 238
302 305 232
269 304 264
294 273 306
297 294 307
268 271 216
308 231 232
284 237 303
309 254 243
288 267 310
277 301 259
291 299 274
295 283 311
276 312 236
272 313 281
241 236 312
281 311 283
279 288 310
271 268 314
269 214 304
275 270 315
282 316 214
302 241 317
266 286 318
290 296 319
249 320 270
267 304 310
321 322 241
276 271 312
323 268 233
298 324 277
321 241 312
306 273 301
263 297 325
326 286 263
270 320 315
296 266 318
322 317 241
285 289 327
232 305 308
316 304 214
233 231 323
275 278 218
295 328 300
254 309 329
297 307 325
287 299 330
312 271 314
325 326 263
280 285 331
313 332 281
303 290 319
319 296 333
314 268 334
277 324 301
327 331 285
323 231 308
335 310 304
293 287 336
278 275 337
336 298 293
328 295 338
328 339 300
307 294 340
280 320 249
319 341 303
323 334 268
300 339 289
316 282 342
302 317 343
305 302 343
332 311 281
315 337 275
311 338 295
318 344 296
278 345 272
331 320 280
299 291 346
330 299 346
309 243 347
254 329 348
217 254 348
291 217 348
311 349 338
345 313 272
350 324 298
243 292 347
294 306 340
298 336 351
324 352 353
324 350 352
311 332 349
327 289 354
286 326 355
330 336 287
317 356 343
334 323 357
344 333 296
350 358 352
289 339 354
309 347 359
316 335 304
312 314 360
345 278 361
362 317 322
318 286 344
279 310 363
364 350 298
355 344 286
325 365 326
366 325 307
322 321 367
328 368 339
313 369 332
367 321 312
315 320 370
358 371 343
316 342 372
352 358 343
312 360 373
337 361 278
292 279 363
352 343 356
339 368 354
324 374 301
319 375 341
340 306 376
369 377 332
360 314 378
363 379 292
336 330 380
359 329 309
324 353 374
328 338 381
350 371 358
333 344 382
383 349 332
370 320 384
317 385 356
282 284 342
343 371 305
351 364 298
319 333 386
317 362 385
381 368 328
387 369 313
322 388 362
331 384 320
308 389 323
389 357 323
335 390 310
379 347 292
391 361 337
352 356 353
349 383 381
387 313 345
338 349 381
312 373 367
332 377 383
327 354 392
367 388 322
284 303 393
376 306 374
306 301 374
387 345 394
355 326 365
368 395 354
380 330 396
378 314 397
394 345 361
337 315 398
346 396 330
360 378 399
303 341 393
373 360 399
319 386 375
368 381 400
401 325 366
399 402 369
392 331 327
402 377 369
371 403 305
307 340 404
399 367 373
401 365 325
405 367 399
406 392 354
405 388 367
404 366 307
402 399 378
400 381 383
407 399 369
385 362 405
368 400 395
362 388 405
380 351 336
356 385 405
353 356 405
387 408 369
354 395 406
310 390 363
398 409 337
409 391 337
403 308 305
410 389 308
348 329 411
407 405 399
348 346 291
408 407 369
371 350 364
398 315 370
394 361 412
342 284 393
308 403 410
413 408 387
374 353 405
314 334 397
376 374 408
402 378 397
382 386 333
395 400 414
408 374 407
404 340 376
400 383 414
405 407 374
415 387 394
334 357 416
355 365 417
379 363 418
376 408 413
348 411 346
413 387 415
416 397 334
377 414 383
361 391 419
404 376 413
403 371 364
344 355 417
342 393 420
410 403 421
417 382 344
422 335 316
415 394 412
423 331 392
424 390 335
416 425 397
402 397 426
396 427 380
357 389 428
429 413 415
420 372 342
347 379 430
422 424 335
402 431 377
419 391 432
392 406 433
404 413 429
432 391 409
429 415 412
395 433 406
357 428 434
363 390 418
435 422 372
402 426 431
422 316 372
375 393 341
329 359 436
437 428 389
438 401 366
361 419 439
377 433 414
440 366 404
351 380 441
364 351 442
414 433 395
403 364 442
389 410 437
401 443 365
412 361 439
430 359 347
398 370 444
418 390 445
434 416 357
440 438 366
418 446 379
436 411 329
377 431 447
377 447 433
420 448 372
449 420 393
410 450 437
404 429 451
396 346 452
446 430 379
392 433 423
409 398 453
452 427 396
454 431 426
426 397 454
444 453 398
384 444 370
455 384 331
421 456 410
457 443 401
423 433 447
429 412 451
458 409 453
411 452 346
427 441 380
435 372 448
331 423 459
410 456 450
460 459 423
423 447 460
442 351 461
403 442 462
455 331 459
441 461 351
462 421 403
456 421 463
425 454 397
464 428 437
440 404 465
462 442 466
420 449 467
365 443 417
393 375 449
390 424 468
447 469 460
448 470 435
436 471 411
448 420 467
451 465 404
447 431 469
458 432 409
472 424 422
382 375 386
438 457 401
450 464 437
473 474 411
474 452 411
432 439 419
417 443 475
421 462 463
359 430 471
436 359 471
440 476 438
477 451 412
471 473 411
422 435 472
478 416 479
412 439 477
434 479 416
480 446 418
434 428 481
470 472 435
469 459 460
454 469 431
442 482 466
483 471 430
461 441 484
442 461 482
470 448 467
457 438 485
464 481 428
441 427 486
486 427 452
465 476 440
417 475 382
384 487 444
488 443 457
475 489 382
384 455 490
459 469 454
390 468 445
382 489 375
480 418 445
425 416 478
485 488 457
481 479 434
491 430 446
492 477 439
493 470 467
488 475 443
494 468 424
453 444 487
432 492 439
495 490 455
476 485 438
474 496 452
487 384 490
497 432 458
498 467 449
489 499 375
486 452 496
478 500 425
480 491 446
441 486 484
501 456 463
450 456 501
472 494 424
483 473 471
477 465 451
462 466 502
495 455 503
449 375 498
484 504 461
482 502 466
482 461 504
454 425 505
425 500 505
481 464 506
499 498 375
450 506 464
493 467 507
465 508 476
509 472 470
455 459 503
475 510 489
511 445 468
479 500 478
492 432 512
508 485 476
458 453 513
487 513 453
474 473 514
475 488 510
498 507 467
483 514 473
459 454 505
511 480 445
502 463 462
496 474 514
510 515 489
515 499 489
516 488 485
472 509 517
512 432 497
502 482 504
450 501 518
483 430 519
508 465 477
518 506 450
486 496 520
508 516 485
493 509 470
517 521 472
459 505 503
494 511 468
513 497 458
500 479 522
522 505 500
480 511 523
486 524 484
525 504 484
519 430 491
492 512 526
527 510 488
516 527 488
521 494 472
463 502 501
528 487 490
483 519 529
490 495 528
523 530 480
491 480 531
494 521 532
520 524 486
533 509 493
501 534 518
524 525 484
479 481 535
516 508 536
496 514 537
508 477 538
530 531 480
526 477 492
528 495 503
487 528 513
507 498 539
498 499 539
497 540 512
499 515 541
522 479 535
531 519 491
542 523 511
543 501 502
544 545 510
546 515 510
511 494 532
537 520 496
497 513 547
527 544 510
540 526 512
525 502 504
520 525 524
506 535 481
493 507 533
545 546 510
548 505 522
506 518 549
547 540 497
537 514 550
516 536 527
548 503 505
508 538 536
529 514 483
525 543 502
543 534 501
549 535 506
535 551 522
511 532 552
526 538 477
529 553 514
548 522 551
554 507 539
555 539 499
541 555 499
556 525 520
511 552 557
519 531 529
520 537 558
527 536 559
560 528 503
561 537 550
562 526 540
563 532 521
517 564 521
556 565 525
513 528 566
557 542 511
549 518 567
551 535 568
548 560 503
565 543 525
515 546 541
566 547 513
537 561 558
556 520 558
514 553 550
569 564 517
570 517 509
548 551 571
562 538 526
533 507 572
531 530 573
536 538 559
529 531 574
554 572 507
527 575 544
528 560 566
539 555 554
559 575 527
534 567 518
576 545 544
576 577 545
577 546 545
563 521 564
530 523 542
534 543 578
544 579 576
531 573 574
580 546 577
567 535 549
544 575 579
572 581 533
561 550 582
568 571 551
558 561 583
565 556 584
585 583 561
586 580 577
565 578 543
585 577 576
571 560 548
583 585 576
587 558 583
585 561 582
509 533 570
579 583 576
570 569 517
566 560 588
540 589 562
590 553 529
591 572 554
570 533 581
530 542 592
581 572 593
579 587 583
594 560 571
547 589 540
585 586 577
574 590 529
556 558 587
535 567 568
559 579 575
559 538 595
530 592 573
566 596 547
593 597 581
596 589 547
538 562 595
582 550 553
598 567 534
559 599 579
594 588 560
571 568 594
541 546 600
568 567 601
555 591 554
584 556 587
600 555 541
563 602 532
580 600 546
534 578 598
532 602 552
552 603 557
565 584 578
562 589 595
599 587 579
585 582 604
566 588 596
603 552 602
585 604 586
605 584 587
563 564 602
573 592 606
601 567 598
607 608 609
568 610 594
611 574 573
608 612 609
599 613 587
614 599 559
589 615 595
582 553 590
570 581 616
595 614 559
581 597 616
607 609 617
618 569 570
555 600 591
568 601 610
578 584 605
588 619 596
591 593 572
596 615 589
605 587 613
582 590 604
586 600 580
620 542 557
621 611 573
619 615 596
622 609 612
622 617 609
593 591 623
598 578 605
620 592 542
615 614 595
601 598 610
624 608 607
602 564 625
610 626 594
588 594 619
586 604 627
573 606 621
614 613 599
624 607 628
591 600 623
629 605 613
564 569 630
608 631 612
574 632 590
614 633 613
633 629 613
570 616 618
608 624 634
619 614 615
623 635 593
598 605 629
607 617 628
636 622 612
637 590 632
598 626 610
594 626 619
606 592 638
626 598 629
597 593 635
631 608 634
633 614 619
626 633 619
626 629 633
639 622 636
604 590 637
640 628 617
617 622 641
564 630 625
586 623 600
611 632 574
612 631 636
642 641 622
616 597 643
622 639 642
569 618 630
631 634 644
623 586 627
620 638 592
624 628 645
646 625 630
625 647 602
603 648 557
649 650 651
634 624 651
634 651 652
652 651 650
653 647 625
654 634 652
653 655 650
655 653 625
604 637 627
640 617 641
656 650 649
634 654 644
627 637 657
623 627 657
658 636 631
659 652 650
651 624 645
648 620 557
625 646 655
653 650 656
659 650 655
628 640 660
642 639 658
641 642 661
652 659 654
662 656 649
597 635 663
664 603 602
653 664 647
635 623 665
641 660 640
647 664 602
663 643 597
666 631 644
667 662 649
621 606 668
645 669 651
670 658 631
671 654 659
631 666 670
659 672 671
643 618 616
659 655 672
673 653 656
669 649 651
639 636 658
628 660 674
628 675 645
656 662 673
658 661 642
648 676 620
663 635 665
667 649 669
677 654 671
641 661 660
673 664 653
637 632 678
638 620 676
657 679 623
675 669 645
646 630 680
664 681 603
628 674 675
654 666 644
682 661 658
679 665 623
677 666 654
638 668 606
611 683 632
670 682 658
684 655 646
618 680 630
675 674 685
683 611 621
669 686 667
648 603 681
665 687 663
674 660 685
646 680 684
676 668 638
661 685 660
684 672 655
688 662 667
671 672 689
671 689 677
682 685 661
690 673 662
681 691 648
686 688 667
692 670 666
684 680 618
637 678 657
673 690 664
643 663 693
632 683 678
681 664 690
686 669 675
679 694 665
670 692 682
687 665 694
679 657 695
618 643 684
678 695 657
621 668 696
697 666 677
685 698 675
699 676 648
692 666 697
676 700 668
699 648 691
701 672 684
686 675 698
694 679 695
677 689 697
690 662 688
700 696 668
690 691 681
702 682 692
672 701 689
683 621 696
688 686 703
693 684 643
663 687 704
696 705 683
697 689 706
684 693 701
698 703 686
698 685 707
678 683 705
693 663 704
705 695 678
692 697 702
706 708 697
689 701 706
709 685 682
710 703 698
682 702 709
711 704 687
712 690 688
708 702 697
707 710 698
694 711 687
713 701 693
707 685 709
714 709 702
694 695 711
715 700 676
699 691 716
706 701 717
676 699 715
712 688 703
706 718 708
708 719 702
713 717 701
712 720 690
693 704 713
711 721 704
703 710 722
719 714 702
722 723 703
690 720 691
715 699 716
722 710 707
707 709 722
723 712 703
713 704 724
718 719 708
706 717 725
723 726 712
727 709 714
727 722 709
725 718 706
716 691 720
696 700 728
695 705 729
705 696 729
728 729 696
715 728 700
713 725 717
711 695 729
714 719 730
729 731 711
712 726 720
726 723 732
727 723 722
719 718 730
725 730 718
731 721 711
704 721 724
730 727 714
726 733 720
716 734 715
727 730 735
734 716 720
736 728 715
733 726 737
729 728 736
731 724 721
713 738 725
725 739 730
723 727 735
732 737 726
735 732 723
738 713 724
725 738 739
734 736 715
740 738 724
729 736 731
724 741 740
735 742 732
733 743 720
735 730 744
736 734 745
743 734 720
736 745 731
741 724 731
739 744 730
743 746 734
731 745 741
746 745 734
742 737 732
740 741 747
739 738 740
748 746 743
748 743 735
744 748 735
741 745 746
746 748 741
749 733 737
744 739 750
750 748 744
733 751 743
742 749 737
742 735 751
751 735 743
740 750 739
749 751 733
748 750 741
741 750 747
749 742 751
740 747 750
