750
-0.205745 -0.353439 -0.263397
-0.142442 -0.318775 -0.286396
-0.133841 -0.365605 -0.280808
-0.210668 -0.291317 -0.269936
-0.15301 -0.271196 -0.279821
-0.1787 -0.425661 -0.24901
-0.0799719 -0.352409 -0.279066
-0.0611417 -0.31598 -0.276102
-0.091487 -0.272734 -0.276604
-0.271026 -0.257577 -0.252267
-0.300502 -0.211492 -0.251288
-0.333647 -0.218931 -0.229557
-0.347777 -0.154606 -0.244649
-0.329971 -0.13562 -0.249846
-0.293156 -0.167758 -0.245745
-0.336317 -0.0886162 -0.244563
-0.1069 -0.409737 -0.267617
-0.21292 -0.22169 -0.255079
-0.251201 -0.204204 -0.245778
-0.302149 -0.108616 -0.236039
-0.155538 -0.20737 -0.250144
-0.259086 -0.174166 -0.230005
-0.157654 -0.46126 -0.233856
-0.230177 -0.422667 -0.218251
-0.281145 -0.337212 -0.215533
-0.363642 -0.187789 -0.207916
-0.371401 -0.113238 -0.211283
-0.269433 -0.1478 -0.214798
-0.00815128 -0.341263 -0.249419
-0.0561119 -0.274339 -0.265613
-0.12182 -0.47044 -0.23214
-0.0870544 -0.435892 -0.251825
-0.0396562 -0.396883 -0.254684
-0.101899 -0.21133 -0.243609
-0.340771 -0.0524372 -0.212654
-0.0463249 0.207583 -0.292062
0.0345521 0.227716 -0.314446
-0.007055 0.167407 -0.299286
-0.0159985 0.24835 -0.304153
-0.337366 -0.273502 -0.176961
-0.230025 -0.161243 -0.200433
-0.275998 -0.0462715 -0.214798
-0.29462 -0.0201759 -0.217268
0.0589787 0.168725 -0.309365
-0.00848663 0.10737 -0.278456
-0.0728599 0.310987 -0.274983
0.0385884 0.294854 -0.307815
-0.0271812 0.312052 -0.293725
-0.273644 -0.10069 -0.202902
-0.0898776 0.162608 -0.2632
0.133757 0.233999 -0.302657
-0.109733 0.228693 -0.259136
-0.0377184 -0.459589 -0.216961
-0.295977 -0.365416 -0.179251
-0.0323245 -0.242447 -0.232664
-0.12909 -0.170717 -0.211618
-0.37502 -0.187796 -0.152139
-0.266216 -0.069254 -0.193974
-0.357568 -0.0586044 -0.180807
-0.297924 0.0170196 -0.180064
0.0485403 0.10694 -0.287703
0.112496 0.290413 -0.301487
-0.133084 -0.548592 -0.177666
-0.00215276 -0.406675 -0.227075
0.00786359 -0.303995 -0.228758
-0.075631 0.121778 -0.254704
0.116193 0.147016 -0.296655
0.0126284 0.364559 -0.284419
0.0638331 0.359874 -0.287808
-0.172623 -0.536374 -0.178432
-0.267582 -0.125737 -0.157355
-0.143499 0.284665 -0.228069
-0.0306966 0.385832 -0.265184
-0.37864 -0.126576 -0.166654
-0.216655 -0.523499 -0.151888
-0.0875028 -0.544672 -0.174142
-0.253309 0.0311395 -0.190551
0.041107 0.0447661 -0.248309
-0.0132062 0.0523973 -0.238965
0.08874 0.0638452 -0.263141
-0.116861 0.113566 -0.221464
-0.155394 0.211584 -0.2222
0.164573 0.279758 -0.289581
0.132166 0.338857 -0.283883
-0.250519 -0.483165 -0.140483
-0.152128 -0.147108 -0.169875
-0.232109 0.0108817 -0.184166
0.134498 0.0573273 -0.252368
0.172452 0.147665 -0.279663
-0.0676996 -0.189805 -0.206505
-0.165275 0.12493 -0.185839
-0.113218 0.368188 -0.22605
-0.287201 -0.433754 -0.12123
-0.00264315 -0.247104 -0.206953
-0.351506 -0.0515839 -0.148664
-0.269394 -0.0955793 -0.165633
-0.0848959 0.0536096 -0.196739
-0.0351875 -0.49091 -0.188675
0.0356355 -0.366626 -0.190497
-0.348429 -0.270419 -0.119157
-0.367852 -0.123554 -0.132556
-0.240118 0.0697455 -0.171406
-0.197695 0.151648 -0.167365
0.216913 0.239323 -0.269569
0.195299 0.301468 -0.271821
-0.0465803 0.440254 -0.214798
0.0739028 0.423788 -0.251888
-0.227519 -0.146727 -0.155967
-0.220624 -0.0102898 -0.149711
0.22174 0.16587 -0.258989
0.150326 0.379336 -0.261373
0.00842128 0.450765 -0.227697
-0.196325 -0.548914 -0.137851
-0.313612 -0.381265 -0.114386
0.0328772 -0.316174 -0.189167
-0.032802 -0.19278 -0.177506
-0.20975 0.0779024 -0.172527
0.0530521 0.00800668 -0.217668
-0.277886 0.142915 -0.178653
-0.26664 0.169984 -0.175624
-0.239946 0.126989 -0.183593
-0.201223 0.317559 -0.162674
-0.00208849 -0.548054 -0.187474
-0.066418 -0.545388 -0.170106
-0.0153192 -0.494868 -0.192443
0.0267597 -0.422857 -0.178031
-0.342104 -0.0589495 -0.127541
-0.263327 0.0846699 -0.136632
0.198901 0.0780112 -0.239069
-0.293642 0.118605 -0.154017
-0.211312 0.20335 -0.165741
0.248878 0.222436 -0.248605
-0.0732261 -0.553628 -0.142607
0.0238284 -0.509285 -0.187513
-0.0795925 -0.161603 -0.16176
-0.202442 0.0558663 -0.167555
-0.250279 0.0927751 -0.158371
-0.226608 0.14891 -0.166702
-0.207114 0.248947 -0.172415
-0.161188 -0.553916 -0.120431
0.000864632 -0.464981 -0.178213
-0.280814 -0.106061 -0.137946
-0.283769 0.034735 -0.112599
-0.216317 0.121838 -0.169862
-0.18291 0.102364 -0.165334
-0.112413 0.424346 -0.176103
0.011641 -0.554271 -0.164257
-0.352153 -0.212281 -0.0960794
-0.194702 -0.13711 -0.143863
-0.268891 -0.0604994 -0.128118
0.148088 0.012006 -0.205059
-0.30447 0.155827 -0.123479
-0.228478 0.189657 -0.157031
-0.235962 -0.539893 -0.0868176
-0.32023 -0.379029 -0.0632927
-0.320084 -0.0890485 -0.117866
0.00417668 -0.0117379 -0.171524
-0.141124 0.050844 -0.141752
-0.255818 0.20669 -0.131132
0.251077 0.301092 -0.237417
-0.193599 0.356948 -0.147888
0.234897 0.382191 -0.22028
0.0713697 0.475784 -0.204841
0.0231233 -0.458475 -0.162574
-0.344001 -0.159593 -0.107756
-0.268895 0.0678201 -0.119234
-0.176906 0.0645559 -0.139406
0.0242824 -0.268051 -0.160646
0.0164047 -0.218496 -0.14854
-0.282524 -0.139097 -0.118188
-0.315893 -0.134011 -0.112614
-0.287377 -0.00579446 -0.100458
-0.257314 0.245121 -0.137618
-0.261207 0.295056 -0.137404
0.20141 0.424825 -0.215691
0.0814401 -0.54111 -0.145348
0.0702541 -0.495539 -0.142899
-0.295448 -0.0485491 -0.113093
0.0956561 -0.025377 -0.164821
-0.0777993 0.0130578 -0.145389
-0.269266 0.0883695 -0.110323
-0.275299 0.201389 -0.100816
0.281945 0.159409 -0.208793
0.15165 0.469881 -0.197061
0.00473756 0.489139 -0.177516
-0.200409 -0.549541 -0.0392181
-0.340102 -0.262474 -0.0468863
-0.287744 -0.152984 -0.0840455
-0.235493 -0.135081 -0.10528
-0.177714 0.0477266 -0.124363
0.224075 0.0525829 -0.201888
0.0630753 -0.439514 -0.107775
0.0491902 -0.429198 -0.132824
0.0400702 -0.316163 -0.138561
-0.136993 -0.138039 -0.128144
-0.239034 -0.00411084 -0.108443
0.265878 0.111961 -0.207189
-0.299257 0.132028 -0.0933257
-0.282293 0.354477 -0.115795
-0.157826 0.416126 -0.12742
0.0573785 -0.363064 -0.116792
-0.310062 -0.180819 -0.0637714
-0.270748 0.0346527 -0.0963353
0.290138 0.260198 -0.207722
-0.309811 0.302448 -0.0991297
-0.0447896 0.484092 -0.146606
-0.272819 -0.482376 -0.039328
-0.329813 -0.32913 -0.00725389
-0.0315955 -0.0233916 -0.117917
-0.278065 0.190427 -0.0763133
-0.00252498 -0.550033 -0.0953918
0.194368 -0.00148852 -0.158595
-0.208098 0.0479017 -0.0873748
0.277433 0.0821403 -0.176523
-0.190051 0.396662 -0.12047
0.193517 0.447905 -0.206355
-0.112289 -0.545027 -0.0311353
-0.0882466 -0.54893 -0.0832881
0.0597002 -0.264041 -0.133682
-0.334863 -0.224193 -0.0601033
-0.254421 0.026846 -0.0916119
0.311108 0.208269 -0.183162
0.282099 0.341731 -0.199597
0.0687532 -0.336009 -0.126642
-0.245077 0.0862146 -0.0773804
0.254369 0.418165 -0.20949
-0.110377 0.459478 -0.109384
0.091651 -0.550344 -0.103231
0.0478335 -0.203989 -0.107391
-0.1038 0.00447414 -0.088912
-0.147263 0.0352147 -0.086731
-0.255793 0.113736 -0.0718799
-0.279933 0.160815 -0.0695605
-0.318292 0.268337 -0.0722485
-0.300587 0.410959 -0.0778218
0.0116066 0.511031 -0.132632
-0.249735 -0.149983 -0.0113349
-0.104441 -0.132366 -0.0577382
-0.150723 -0.132259 -0.0761797
0.284213 0.382999 -0.198709
-0.266324 0.432828 -0.0734623
0.191998 0.49881 -0.1797
0.138517 0.503394 -0.161051
-0.229424 -0.539756 -0.0123446
0.116537 -0.536321 -0.117497
0.0977151 -0.486989 -0.113935
-0.0190702 -0.168651 -0.0876566
-0.32319 0.386746 -0.0704308
0.268771 0.50867 -0.197452
0.0691946 0.507653 -0.157044
0.119275 -0.491387 -0.119892
-0.229051 -0.132989 -0.0624014
0.0402764 -0.0641696 -0.0686956
-0.0573452 -0.547734 -0.0425673
0.156261 -0.540001 -0.121256
0.173467 -0.491328 -0.122529
0.0824956 -0.394142 -0.102964
0.0911302 -0.362151 -0.102981
-0.170105 0.0507512 -0.0755552
-0.20727 0.058871 -0.074143
0.255287 0.029539 -0.142495
-0.3477 0.364842 -0.0417413
0.332048 0.449734 -0.189156
0.315999 0.487569 -0.195455
0.0906045 -0.446179 -0.109545
0.117278 -0.277398 -0.102474
0.0874325 -0.21991 -0.101869
0.0975973 -0.0589871 -0.0933114
-0.244847 0.117025 -0.0574076
0.325591 0.14832 -0.151059
0.328094 0.361118 -0.172046
0.181213 0.525914 -0.144691
-0.0409083 0.504503 -0.0914878
-0.200897 0.0776099 -0.0733936
-0.329373 0.26032 -0.0214592
0.352938 0.423664 -0.173181
-0.193358 0.440135 -0.0634667
0.0332231 -0.548671 -0.0390611
-0.0269336 -0.54674 -0.0534982
-0.311905 -0.383247 0.0235924
0.151456 -0.045864 -0.100019
-0.0349599 -0.0380884 -0.0714372
-0.218192 0.101677 -0.061638
-0.248366 0.146228 -0.0539276
-0.354677 0.329228 -0.00631382
-0.154991 0.446174 -0.0632766
0.262879 0.566063 -0.167642
0.143895 -0.550838 -0.0813113
0.142244 -0.430991 -0.0866965
-0.321806 -0.285561 0.0266163
-0.295346 -0.196674 0.0117819
0.0463395 -0.173814 -0.0753315
0.321524 0.31303 -0.159334
-0.34694 0.42508 -0.0267722
0.0381503 0.528672 -0.0909987
0.198466 -0.548236 -0.0844936
0.188044 -0.52925 -0.114274
0.122361 -0.396181 -0.0880808
-0.302051 0.461349 -0.0293794
0.136038 0.525347 -0.114647
0.323879 0.560233 -0.173968
0.219715 -0.517289 -0.0817786
0.167237 -0.442932 -0.0745859
0.137446 -0.356598 -0.0768526
-0.00461801 -0.0702222 -0.00794295
-0.183408 0.0682651 -0.0078995
0.293584 0.0406293 -0.0988941
-0.265215 0.466005 -0.0259955
-0.253609 -0.501938 0.0124823
0.203048 -0.478486 -0.0819128
0.14575 -0.200697 -0.0770319
0.0205111 -0.160509 -0.0401083
-0.178997 -0.131369 -0.0226178
0.342154 0.294144 -0.124049
0.375387 0.530132 -0.158876
0.322969 0.609759 -0.140736
-0.0444514 -0.529092 -0.033211
-0.0510223 -0.0392151 -0.026734
0.322906 0.0931778 -0.115893
0.349803 0.18801 -0.111345
0.122179 -0.547503 -0.0170251
-0.297145 -0.399014 0.0553732
0.190951 -0.262794 -0.0608805
-0.297955 -0.244661 0.0590828
0.106624 -0.162331 -0.0701904
0.24147 -0.00665753 -0.0938237
-0.343498 0.464128 0.00602716
-0.0927061 0.49071 -0.0195107
0.121156 0.541143 -0.0540053
0.182109 -0.547557 -0.029549
-0.201205 -0.541747 0.0396935
-0.00165316 -0.536709 -0.0111563
0.181773 -0.212793 -0.0635872
-0.0331618 -0.152058 -0.00500626
0.0665789 -0.091817 -0.0531555
0.179032 -0.0601984 -0.0582338
-0.10003 -0.00494947 0.0111188
-0.23382 0.135307 0.0190145
0.289486 0.620313 -0.116524
-0.0977645 -0.549739 -0.00867729
-0.132161 -0.544435 -0.00164966
-0.254514 -0.18341 0.0485137
0.367235 0.364377 -0.134204
-0.360126 0.429814 0.0154967
0.217549 -0.539646 -0.0399632
0.172315 -0.421734 -0.0380328
0.0642541 -0.13692 -0.0489993
0.121554 -0.0953014 -0.0621671
-0.363036 0.367648 0.021845
0.222898 -0.500891 -0.0488729
0.14727 -0.134987 -0.0580993
-0.136675 -0.14397 0.0126429
-0.0912501 -0.154555 0.0233293
0.388199 0.427292 -0.135175
-0.151352 0.457859 -0.0157205
-0.317754 0.475955 0.0124921
0.17169 0.543021 -0.0727838
0.241869 0.592901 -0.100795
0.370181 0.602673 -0.129253
0.058287 -0.544389 0.0223142
-0.151504 -0.541624 0.0795868
-0.0643632 -0.524757 0.031508
-0.235864 -0.505833 0.0518017
0.166468 -0.375125 -0.0416589
0.192906 -0.32938 -0.0328036
-0.340071 0.286086 0.0405846
0.402172 0.550578 -0.119293
-0.0994858 -0.544725 0.0526349
0.194478 -0.456574 -0.0317918
-0.304742 -0.310409 0.0684468
-0.190645 -0.155493 0.0436186
0.357105 0.122775 -0.0553581
-0.19878 0.45843 0.00210234
-0.0199765 0.523563 -0.0333755
0.0301043 0.537853 -0.0341912
0.0378863 -0.530797 0.00783772
0.188733 -0.162746 -0.0443296
0.020105 -0.138958 -0.0101819
0.0383068 -0.102099 -0.0268151
0.175362 -0.109683 -0.0429725
-0.295393 0.213579 0.0559744
-0.272025 0.472014 0.0230636
-0.113635 -0.540843 0.0717789
0.221908 -0.0392437 -0.0368979
0.221103 -0.275975 -0.0236562
-0.353155 0.345345 0.0465094
-0.353941 0.421277 0.03961
0.213631 -0.505266 -0.0181309
0.387822 0.366839 -0.0901731
-0.332029 0.456791 0.0382532
0.407327 0.447672 -0.0905379
0.228152 -0.211276 -0.0219897
0.278249 -0.000899809 -0.022324
0.324729 0.0552598 -0.0410999
0.227096 0.577144 -0.0334137
0.342508 0.645729 -0.0916396
-0.17212 -0.537582 0.0935846
-0.250414 -0.43071 0.10541
0.0103467 -0.0918372 0.00773929
0.362215 0.288401 -0.0702702
-0.148228 0.456526 0.0347497
0.178216 -0.401495 0.0120259
-0.269638 -0.314217 0.11451
0.201047 -0.116117 -0.0191838
0.209365 -0.0670056 -0.0137067
-0.0766789 -0.0212475 0.0742018
-0.194602 0.109995 0.0679145
-0.337619 0.353486 0.0540317
-0.316248 0.435802 0.0422343
-0.197192 0.451639 0.0330299
-0.27361 0.456625 0.0370569
0.405996 0.546442 -0.101987
0.376664 0.627493 -0.0925771
0.16286 -0.537222 0.0265719
0.183487 -0.444565 0.00173431
0.194607 -0.35985 0.0302512
-0.248822 -0.22601 0.0950091
-0.145006 0.0394821 0.0716213
0.374951 0.193479 -0.0238684
-0.334702 0.311786 0.0586795
-0.25052 0.306097 0.0375068
-0.291245 0.375609 0.0381648
-0.255851 0.39148 0.030574
-0.223484 0.362617 0.0340497
-0.00732081 0.529224 0.0222204
0.0758309 0.543218 -0.00256134
0.295418 0.632014 -0.0664582
-0.276732 -0.378433 0.10156
-0.20652 -0.183631 0.0763793
-0.313115 0.260473 0.0674735
-0.212193 0.423291 0.0452168
-0.204447 -0.509638 0.0964157
0.180229 -0.497725 0.0217714
0.234731 -0.288694 0.0153298
-0.101123 -0.18225 0.0727902
0.00723044 -0.126775 0.0428125
-0.00662814 -0.143573 0.0245431
0.00853041 -0.103994 0.0356987
-0.00877895 -0.0674244 0.0392453
0.241091 -0.0376382 0.0322279
-0.301995 0.282617 0.0626353
-0.212872 0.307492 0.0454013
0.194124 0.548541 -0.0198626
0.391639 0.573406 -0.0783458
-0.0561307 -0.175623 0.0699503
-0.275638 0.210389 0.0795458
-0.217738 0.249191 0.0680154
-0.188851 0.381642 0.0558048
0.404251 0.476066 -0.0722356
0.119278 -0.539989 0.0717708
0.0756875 -0.543116 0.072487
-0.0575 -0.540693 0.0968605
-0.249276 0.181618 0.0844182
-0.265546 0.222974 0.0805127
-0.189311 0.435144 0.0489268
0.349603 0.623927 -0.0632541
0.24529 -0.223267 0.00760144
-0.186491 -0.211651 0.108364
0.217476 -0.101449 0.0149392
0.324509 0.636472 -0.0610968
0.0221205 -0.540506 0.0467439
0.167353 -0.431116 0.0484224
-0.0237735 -0.165395 0.0838761
-0.0703204 0.497025 0.062889
0.298361 0.506159 -0.053629
0.291268 0.454781 -0.039417
0.327226 0.47388 -0.0587386
0.381445 0.465403 -0.0590751
0.32277 0.554437 -0.0605411
0.17024 0.54047 -0.0045583
0.277284 0.604713 -0.0315862
-0.181283 -0.505925 0.136129
-0.240373 -0.262545 0.121704
0.370269 0.293607 -0.0175856
0.394299 0.386318 -0.0446778
-0.158679 0.430232 0.0696197
0.316215 0.434425 -0.042244
0.261033 0.493482 -0.0273574
0.121549 0.540339 0.0541855
-0.203791 -0.460979 0.127598
-0.00261644 -0.149842 0.0761965
-0.18268 0.331463 0.120994
0.143457 -0.508346 0.0676263
-0.231412 -0.384911 0.138707
0.241745 -0.168202 0.0306298
0.0136545 -0.0945669 0.0797771
0.231937 -0.0530311 0.0545147
-0.211393 0.21196 0.0929767
0.362425 0.369946 -0.0119187
0.386679 0.411268 -0.0401228
0.264275 0.562617 -0.0185106
0.240597 0.56703 -0.0113529
-0.112728 -0.215541 0.100732
-0.111874 0.0200907 0.126591
-0.132128 0.0659416 0.160722
-0.203976 0.171108 0.107893
-0.19276 0.264593 0.136081
-0.0827658 0.475929 0.111307
-0.0175523 -0.525622 0.0824646
-0.0108478 -0.540909 0.10756
0.252022 -0.259332 0.0538001
0.321405 0.0384188 0.0461651
0.361936 0.10529 0.017129
0.232292 0.517416 0.00326829
-0.152146 -0.533831 0.151395
-0.228838 -0.331477 0.142197
0.381046 0.356217 -0.0171895
0.327024 0.399204 0.00132369
0.265651 0.471242 0.00223637
0.201756 0.534955 0.0086314
-0.0868862 -0.53742 0.179338
0.128784 -0.522173 0.0954008
0.245182 -0.28088 0.0949168
-0.111288 -0.250156 0.125642
0.0158671 -0.125743 0.0915141
0.00764347 0.518835 0.110832
-0.166729 -0.472992 0.156926
-0.17827 -0.428881 0.154093
-0.193811 -0.282759 0.144457
-0.0940097 -0.253661 0.11921
-0.0658401 -0.234101 0.124911
-0.0391948 -0.20042 0.115351
0.00333837 -0.0607643 0.108407
0.36938 0.320372 0.0152379
-0.154408 0.371822 0.149208
0.224098 0.512411 0.0204839
0.0400007 0.533208 0.0747549
0.168396 -0.37592 0.103732
-0.163848 -0.254125 0.135045
0.226389 -0.092216 0.0668777
-0.155991 0.115819 0.15941
0.160986 0.524987 0.0907596
-0.161152 -0.380044 0.162486
0.254866 -0.19442 0.0728318
0.122389 -0.455788 0.131761
0.133791 -0.423313 0.121213
-0.173602 -0.329207 0.156802
-0.0792578 -0.30265 0.129078
0.0922379 -0.539484 0.155947
-0.146889 -0.30805 0.152089
-0.0976499 -0.297013 0.138657
0.254278 -0.225714 0.107138
0.377747 0.184158 0.0555453
0.358182 0.338025 0.0522789
-0.121676 0.425464 0.139564
-0.147377 -0.481489 0.194125
-0.14578 -0.450007 0.165258
-0.0538445 -0.372857 0.131466
-0.0670549 -0.3333 0.129999
-0.0770163 -0.347676 0.144386
-0.0566236 -0.287308 0.14513
-0.0458028 -0.0101436 0.180398
0.369849 0.261588 0.0703057
-0.100302 -0.341255 0.144828
-0.132868 -0.529882 0.187282
-0.0520488 -0.415546 0.153953
-0.0233509 -0.431004 0.147615
-0.0174727 -0.385988 0.158698
-0.0703431 -0.388677 0.144
-0.113634 -0.399532 0.159681
0.210218 -0.323611 0.116916
0.00519119 -0.172563 0.138363
0.0367243 -0.0975877 0.133495
0.262172 -0.0121957 0.0823609
0.350501 0.0886294 0.0749201
0.115972 -0.523022 0.156852
-0.111821 -0.438494 0.168977
-0.039414 -0.440438 0.17788
0.0251032 -0.147663 0.150649
0.240067 -0.160263 0.114099
-0.18095 0.208724 0.160667
0.265349 0.46003 0.100571
-0.0190783 -0.254341 0.162775
-0.154956 0.325563 0.183842
0.321775 0.396737 0.0879681
0.210432 -0.0755235 0.1125
0.200219 0.504908 0.1058
0.0936448 0.522528 0.121505
-0.0280576 -0.533022 0.192934
-0.0933007 -0.467341 0.212294
0.0134351 -0.317646 0.190639
0.214723 -0.0344457 0.127777
0.0124889 -0.0489874 0.142788
-0.128019 -0.500656 0.206387
0.110368 -0.404075 0.155057
0.366579 0.140318 0.0950301
-0.134812 0.12847 0.192214
-0.151252 0.198538 0.19475
-0.00816387 0.489074 0.162448
-0.0848256 -0.520881 0.208333
0.102243 -0.435789 0.16129
0.031223 -0.204948 0.190444
0.0535407 -0.0634029 0.159476
-0.162753 0.264147 0.187868
-0.0689874 0.443375 0.181318
0.0193262 -0.537403 0.208842
-0.0255226 -0.465244 0.18795
0.0307261 -0.425321 0.180743
0.0324181 -0.387752 0.179444
-0.0365814 -0.521723 0.194485
0.143319 -0.360599 0.155473
-0.0849703 0.0403826 0.207291
-0.0458182 -0.483499 0.202882
0.228316 -0.270892 0.158381
0.0622379 -0.131224 0.184211
-0.113621 0.387488 0.19307
0.0643728 -0.401527 0.176095
0.181732 -0.309474 0.17812
0.0615859 -0.0897075 0.161317
-0.139556 0.22625 0.207096
0.0804308 -0.535265 0.209589
0.101173 -0.489393 0.209008
0.0187968 -0.467696 0.227178
0.0690251 -0.432438 0.184196
0.102663 -0.360484 0.18595
0.178876 -0.0348247 0.165523
0.313214 0.0530885 0.140273
0.337945 0.34312 0.120159
0.22073 0.476821 0.141631
-0.00718011 -0.507314 0.220939
0.0390297 -0.257993 0.209005
0.182855 -0.0706514 0.152627
0.0575325 -0.0347893 0.197018
0.251075 0.00460127 0.165067
0.228413 -0.214346 0.173044
0.115435 -0.0636664 0.177264
0.08851 -0.0427483 0.185158
0.015657 -0.0141284 0.221417
0.361403 0.185579 0.134744
0.0761547 -0.309897 0.217244
0.2168 -0.168197 0.173261
0.104681 -0.100797 0.191365
-0.109642 0.151358 0.205068
-0.129127 0.261094 0.216471
0.354126 0.276648 0.121186
0.304152 0.387825 0.144583
0.0496265 0.476007 0.197808
0.0604065 -0.458784 0.220108
0.348052 0.123024 0.151404
-0.102076 0.214605 0.21708
-0.128288 0.270003 0.222815
-0.0988014 0.352433 0.227192
0.033548 -0.518534 0.235067
0.134928 0.493213 0.169133
0.0757291 -0.522427 0.227526
0.0825902 -0.233059 0.226877
0.153087 -0.102601 0.189156
-0.0853132 0.0925894 0.229786
-0.101333 0.307 0.235541
-0.0197752 0.428254 0.227252
0.0981228 -0.164124 0.218258
0.129355 -0.0316875 0.198695
-0.00397048 0.0246622 0.260459
-0.102574 0.178929 0.223878
-0.0745614 0.391963 0.223259
0.069768 -0.486801 0.234153
0.123455 -0.282371 0.223867
0.197687 -0.24444 0.203526
-0.07702 0.13063 0.226796
-0.0806322 0.221439 0.227098
0.254021 0.421945 0.176996
0.186328 -0.162195 0.202761
-0.0455087 0.136372 0.242636
-0.0683937 0.192535 0.224083
-0.0578752 0.231465 0.228668
-0.0955343 0.267499 0.234562
0.346284 0.229179 0.147422
0.312898 0.300994 0.160493
0.157704 -0.172302 0.219687
-0.0427919 0.189789 0.244922
0.320666 0.330725 0.150017
0.126806 -0.00729487 0.252742
0.291942 0.0592841 0.200144
-0.0210054 0.0645271 0.276592
0.288504 0.288798 0.167724
0.181024 0.442468 0.208985
0.141244 -0.227241 0.228447
0.320098 0.114804 0.204028
0.303351 0.236361 0.1751
0.29227 0.350564 0.173792
0.182849 0.0189414 0.26923
-0.0316523 0.10896 0.275018
0.285609 0.319654 0.179268
0.066634 0.00908798 0.267772
-0.0263698 0.14759 0.253229
0.324371 0.156268 0.206562
-0.0145329 0.200016 0.252038
0.27233 0.250094 0.19899
-0.0169493 0.288973 0.268229
0.261949 0.297922 0.186201
-0.0311555 0.350129 0.261063
0.307638 0.193383 0.205177
-0.00569291 0.234228 0.258539
0.286929 0.22211 0.186523
0.253952 0.312303 0.200031
0.255969 0.365539 0.20136
0.0351274 0.428051 0.24111
0.11317 0.434361 0.234531
0.243988 0.22911 0.21877
0.2414 0.280177 0.206655
0.235592 0.303087 0.207
0.188275 0.402592 0.231576
0.228311 0.0367584 0.247911
0.0183438 0.383547 0.263218
0.0111313 0.160512 0.304577
0.000824032 0.187481 0.274868
0.209165 0.279109 0.226143
0.0322637 0.277914 0.282101
0.197684 0.333344 0.241769
0.0365585 0.338624 0.280286
0.0984041 0.393942 0.260476
0.251332 0.0746836 0.263185
0.207561 0.245708 0.24188
0.141857 0.018433 0.281908
0.272535 0.186726 0.2491
0.0431506 0.246367 0.290582
0.166341 0.294355 0.261974
0.0646135 0.0750709 0.326224
0.0340372 0.147932 0.330113
0.240566 0.182757 0.295878
0.134049 0.348681 0.268227
0.160208 0.275367 0.273515
0.0936513 0.299785 0.28376
0.0329118 0.100507 0.325792
0.26357 0.131938 0.279822
0.140035 0.0588542 0.308431
0.123293 0.0785145 0.310793
0.051585 0.214398 0.324974
0.174382 0.246659 0.30877
0.103244 0.278283 0.293512
0.184734 0.0839689 0.294954
0.0954775 0.0958028 0.334571
0.206339 0.11112 0.312234
0.150847 0.0975717 0.303377
0.0794309 0.244846 0.338222
0.128694 0.100018 0.318645
0.178123 0.225477 0.322453
0.147971 0.261244 0.324
0.115505 0.258056 0.338196
0.138578 0.134969 0.328047
0.209379 0.152409 0.3238
0.158482 0.131072 0.331233
0.083473 0.140215 0.3493
0.0834988 0.216618 0.344253
0.125327 0.169512 0.337619
0.0991845 0.164374 0.347717
0.155191 0.184423 0.341727
0.159163 0.234567 0.342826
0.123614 0.200247 0.359069
-0.188236 -0.127313 -0.0938036
1500
0 1 2
0 3 1
3 4 1
0 2 5
1 6 2
1 7 6
1 8 7
1 4 8
9 4 3
10 11 12
12 13 10
13 14 10
12 15 13
6 16 2
9 3 0
9 17 4
10 9 11
18 17 9
10 18 9
14 18 10
19 14 13
19 13 15
16 5 2
4 17 20
18 14 21
22 5 16
5 23 0
9 0 24
11 9 24
8 4 20
25 12 11
12 25 26
27 14 19
26 15 12
6 7 28
7 8 29
30 22 16
30 16 31
32 16 6
0 23 24
8 20 33
17 18 20
27 21 14
15 26 34
35 36 37
35 38 36
32 31 16
28 32 6
11 24 39
29 8 33
18 21 40
41 19 15
15 42 41
43 44 37
37 36 43
35 45 38
36 38 46
45 47 38
47 46 38
7 29 28
27 19 48
48 19 41
34 42 15
44 49 37
35 37 49
43 36 50
35 51 45
52 31 32
53 24 23
25 11 39
54 29 33
33 20 55
18 40 20
55 20 40
26 25 56
41 57 48
58 34 26
59 42 34
60 44 43
35 49 51
36 61 50
36 46 61
30 62 22
28 63 32
24 53 39
28 29 64
65 49 44
43 66 60
66 43 50
47 67 46
68 46 67
69 23 5
63 52 32
27 48 70
58 59 34
45 51 71
46 68 61
72 67 47
40 21 27
56 73 26
45 72 47
62 69 22
69 5 22
69 74 23
30 31 75
31 52 75
29 54 64
56 25 39
73 58 26
42 76 41
60 77 44
78 65 44
79 60 66
65 80 49
49 81 51
61 82 50
68 83 61
23 74 84
53 23 84
55 40 85
41 86 57
76 86 41
79 66 87
50 88 66
83 82 61
54 33 89
55 89 33
76 42 59
78 44 77
79 77 60
80 90 49
91 72 45
62 30 75
92 53 84
93 64 54
73 94 58
95 48 57
80 65 96
66 88 87
49 90 81
81 71 51
91 45 71
75 52 97
63 28 98
98 28 64
39 99 56
40 27 70
48 95 70
73 100 94
59 101 76
96 65 78
102 81 90
88 50 103
82 103 50
82 83 104
91 105 72
106 68 67
67 72 106
70 107 40
86 108 57
88 103 109
103 82 104
83 68 110
111 106 72
112 69 62
112 74 69
113 39 53
93 114 64
115 54 89
93 54 115
56 100 73
59 58 94
86 76 116
77 79 117
76 101 116
118 119 120
91 71 121
110 68 106
72 105 111
122 123 124
123 97 124
97 123 75
63 125 52
125 63 98
100 126 94
95 57 108
117 79 87
101 59 127
88 128 87
120 129 118
81 102 130
109 103 131
132 62 75
133 122 124
53 92 113
39 113 99
89 55 134
77 117 78
116 135 86
129 120 136
119 137 120
138 81 130
71 81 138
83 110 104
139 112 62
123 132 75
97 140 124
52 140 97
52 125 140
40 107 85
95 141 70
142 59 94
101 143 116
143 136 120
137 143 120
90 144 102
121 71 138
145 105 91
139 62 132
123 122 146
133 124 140
114 98 64
99 147 56
55 85 134
107 148 85
141 95 149
96 78 117
117 87 150
101 127 136
80 96 90
136 143 101
116 143 144
143 102 144
137 102 143
129 151 118
119 118 151
130 102 152
132 123 146
112 153 74
84 74 153
113 154 99
56 147 100
134 115 89
126 100 155
96 117 156
86 135 108
90 96 157
129 136 127
88 109 128
137 119 152
152 102 137
119 158 152
103 104 159
91 121 160
104 110 161
106 111 162
125 163 140
100 147 164
155 141 149
165 127 59
116 166 135
116 144 166
144 90 157
158 119 151
140 163 133
167 114 93
167 93 168
168 93 115
169 70 141
164 170 155
155 100 164
155 170 141
108 149 95
94 126 171
165 59 142
150 87 128
158 130 152
172 130 158
130 172 138
159 131 103
138 172 173
161 159 104
106 174 110
122 175 146
163 176 133
169 141 170
149 177 155
177 126 155
171 142 94
150 178 117
156 179 96
166 144 157
180 129 127
158 151 181
109 131 182
121 138 173
183 174 106
183 106 162
105 184 111
185 112 139
99 186 147
169 187 188
189 135 166
150 128 190
160 145 91
84 153 92
176 163 191
125 192 163
193 114 167
134 85 194
171 177 149
171 126 177
195 149 108
156 117 178
189 108 135
165 180 127
109 196 128
180 197 129
182 196 109
121 173 198
174 161 110
199 145 160
98 200 192
193 98 114
200 98 193
147 201 164
187 170 164
170 187 169
171 149 195
142 171 202
179 157 96
129 197 151
131 159 203
204 173 172
121 198 160
205 105 145
153 112 185
163 192 191
92 206 113
125 98 192
99 207 186
201 187 164
179 156 208
151 209 181
204 198 173
205 184 105
132 146 210
92 153 206
206 154 113
211 178 150
108 212 195
142 202 165
190 128 213
196 213 128
158 204 172
199 160 214
174 183 215
111 184 162
216 139 217
139 132 217
154 207 99
168 218 167
147 186 219
147 219 201
220 171 195
220 202 171
150 190 211
189 166 157
165 202 180
221 182 131
158 181 204
222 159 161
198 214 160
193 167 223
202 224 180
161 174 225
226 145 199
175 227 146
223 167 218
115 228 168
229 230 157
180 231 197
197 232 151
151 232 209
203 221 131
233 204 181
234 214 198
174 215 225
226 205 145
205 235 184
191 192 200
168 228 218
187 201 236
194 237 134
194 238 237
179 229 157
212 220 195
232 197 231
161 225 239
234 240 214
183 241 215
162 242 183
210 146 227
185 243 153
217 132 210
227 175 244
153 243 206
245 176 191
200 193 223
115 134 246
228 115 246
208 229 179
220 224 202
212 224 220
231 180 224
204 247 198
198 247 234
161 239 222
215 248 225
215 241 248
162 184 249
244 245 250
187 236 251
252 156 178
159 222 203
241 183 242
253 217 210
244 250 254
254 250 255
256 200 223
218 257 223
212 258 259
213 260 190
261 204 233
204 261 247
262 239 225
225 248 263
242 162 249
185 139 216
245 191 264
245 264 250
218 265 257
228 266 218
252 178 267
260 211 190
212 259 224
268 231 224
196 182 269
231 268 232
209 233 181
222 239 270
225 263 262
242 271 241
272 235 205
191 256 264
191 200 256
256 223 257
134 237 246
252 208 156
273 259 258
224 259 268
182 221 269
233 209 274
275 270 239
240 276 214
235 249 184
277 210 227
216 217 253
253 210 278
227 244 254
206 279 154
266 265 218
280 267 178
178 211 280
281 229 208
259 273 282
268 259 282
232 268 283
209 232 283
233 274 284
233 284 261
262 275 239
214 276 285
214 285 199
241 286 248
254 287 227
250 288 255
288 250 264
207 154 279
207 289 186
219 290 201
291 228 246
213 196 269
282 283 268
222 292 203
222 270 292
261 293 247
293 234 247
235 294 249
278 210 277
295 287 254
295 254 296
264 256 297
281 208 252
274 209 283
203 292 221
240 234 298
199 285 226
272 205 226
299 242 249
248 300 263
277 227 287
295 296 301
288 302 255
288 264 297
257 265 303
281 252 304
273 258 305
306 260 213
273 305 282
276 240 307
249 294 299
271 286 241
286 300 248
243 308 206
302 309 255
257 297 256
265 266 310
228 291 266
246 311 291
251 236 312
292 313 221
262 263 314
300 314 263
300 286 315
316 253 278
301 255 309
257 303 297
290 236 201
281 317 229
269 318 213
269 221 319
314 275 262
277 287 320
206 321 279
303 265 322
219 186 323
219 323 290
310 266 324
291 324 266
325 211 260
305 258 230
326 234 293
298 234 326
298 307 240
226 327 272
299 294 328
329 287 295
243 185 330
331 278 277
323 186 289
265 310 332
333 311 246
334 252 267
335 280 211
336 229 317
229 336 230
213 318 306
337 283 282
338 286 271
339 216 253
185 216 340
297 303 288
265 332 322
236 290 341
337 282 305
319 221 313
270 275 342
261 343 293
285 327 226
294 235 272
340 216 339
295 301 344
345 302 288
291 346 324
334 267 347
325 335 211
305 230 336
260 306 325
342 292 270
343 261 348
271 242 299
286 338 315
309 349 301
321 206 308
324 350 310
237 351 352
237 312 351
267 280 347
335 347 280
313 292 342
284 348 261
353 342 275
276 354 285
326 355 298
353 275 314
271 299 356
356 357 271
358 314 300
357 338 271
359 277 320
360 185 340
361 253 316
330 362 243
243 362 308
345 288 303
363 303 364
291 311 346
324 346 347
365 284 274
326 293 343
298 355 307
314 366 353
315 358 300
340 339 367
367 339 253
368 309 302
363 345 303
279 369 207
303 322 364
207 369 289
236 370 312
324 347 350
346 334 347
281 304 317
269 371 318
307 372 276
373 294 272
373 374 294
320 287 329
330 185 360
277 359 375
344 301 349
368 349 309
321 308 362
368 302 345
376 332 310
346 377 378
378 334 346
350 347 379
347 335 379
252 334 378
283 380 274
380 365 274
354 276 372
355 381 307
285 354 327
360 340 382
382 340 367
329 295 344
350 376 310
370 236 341
346 311 377
252 378 304
335 325 383
284 365 348
307 381 372
364 322 384
369 323 289
312 370 351
337 380 283
348 365 385
326 343 386
272 327 373
253 361 367
349 368 387
313 342 388
348 385 386
348 386 343
326 386 389
390 353 366
328 356 299
279 321 369
332 391 322
332 376 391
379 376 350
325 392 383
392 325 306
318 393 306
371 269 319
353 388 342
326 389 355
374 328 294
357 356 394
366 314 358
395 358 315
338 395 315
396 330 360
330 396 362
387 344 349
397 321 362
322 391 384
290 323 341
378 377 398
313 388 399
372 400 354
389 381 355
401 345 363
369 402 323
403 376 379
404 335 383
317 405 336
305 406 337
407 386 385
390 388 353
389 386 408
372 409 400
381 389 410
390 366 411
366 358 412
412 358 395
413 320 329
413 329 344
345 414 368
401 363 415
415 363 364
341 323 416
370 352 351
304 378 398
336 417 305
318 371 393
418 319 313
365 419 385
407 385 419
407 420 421
422 421 420
422 420 423
407 421 408
408 421 422
408 386 407
408 422 410
389 408 410
381 409 372
327 424 373
374 425 328
357 426 338
387 413 344
387 368 414
414 345 401
321 427 369
370 341 428
404 403 379
335 404 379
418 313 399
380 429 365
365 429 419
422 423 430
426 395 338
396 431 362
432 413 387
397 427 321
433 364 384
370 434 352
435 377 436
398 377 437
438 317 304
439 383 392
371 319 418
419 429 440
419 440 420
420 407 419
441 423 420
430 410 422
409 381 410
356 442 394
443 411 366
443 366 412
432 387 414
397 362 431
333 352 444
391 376 403
435 437 377
304 398 438
405 317 438
417 406 305
429 380 445
441 420 446
423 447 430
430 409 410
448 390 411
357 394 426
320 449 450
320 413 449
367 361 451
444 436 333
438 398 437
306 393 392
337 452 380
429 453 440
440 453 420
447 423 441
409 430 454
443 448 411
455 412 395
450 359 320
402 369 427
323 402 416
456 384 391
416 428 341
457 370 428
458 391 403
458 403 404
429 445 453
446 420 453
430 447 454
454 400 409
374 373 424
443 412 455
426 459 395
459 455 395
359 460 375
461 432 414
456 433 384
457 434 370
444 462 436
404 383 439
452 337 406
452 445 380
463 354 400
464 465 466
354 463 327
463 424 327
466 467 443
464 466 468
468 466 443
443 467 448
356 328 469
469 442 356
470 426 394
382 367 451
471 431 396
415 364 433
472 416 402
444 352 434
399 388 473
474 388 390
474 390 448
400 454 475
466 476 467
466 465 476
464 477 465
328 425 478
455 468 443
431 479 397
461 414 401
416 457 428
436 462 480
435 436 480
405 417 336
473 418 399
481 447 441
473 388 474
328 478 469
468 477 464
426 470 459
470 455 459
482 413 432
397 483 427
456 391 484
458 484 391
485 438 437
404 439 486
453 445 487
453 487 446
454 447 475
488 467 476
489 474 448
448 467 489
374 424 425
490 477 468
491 394 442
460 359 450
479 431 471
482 432 461
483 402 427
457 492 434
437 435 485
493 417 405
494 406 417
452 406 495
452 487 445
446 496 441
400 475 497
468 455 470
451 498 499
449 413 482
433 456 500
458 404 486
392 393 501
371 418 502
481 475 447
477 490 503
491 470 394
470 490 468
499 460 450
504 396 360
483 505 402
457 416 472
487 452 495
489 506 474
507 488 476
467 488 489
507 476 465
477 508 465
509 442 469
509 491 442
470 491 490
360 382 510
396 504 471
449 482 511
415 461 401
505 472 402
415 433 512
492 457 513
435 480 514
435 514 485
371 502 393
487 496 446
473 474 506
465 508 507
503 508 477
463 515 424
491 503 490
479 471 516
397 479 517
517 483 397
505 518 472
518 457 472
519 520 492
434 521 444
492 521 434
521 462 444
485 522 438
438 522 405
393 502 501
441 496 481
473 506 523
475 481 524
489 488 506
400 497 463
508 503 525
424 526 425
509 503 491
517 479 516
527 461 415
512 433 500
528 513 457
492 513 519
529 458 486
417 493 494
495 406 530
509 525 503
531 509 469
510 382 451
505 483 532
457 518 528
500 456 533
521 492 520
533 456 484
480 462 514
484 458 529
392 501 439
425 526 478
531 469 478
504 360 510
511 482 534
482 461 535
518 505 536
513 537 519
494 530 406
487 495 496
488 523 506
515 526 424
538 450 449
517 532 483
505 532 536
539 540 528
528 518 539
528 540 513
541 500 533
542 418 473
488 507 543
475 524 544
544 497 475
531 525 509
499 450 538
510 451 499
545 516 471
516 546 517
527 535 461
547 548 549
548 537 549
536 539 518
537 513 540
550 519 537
550 520 519
522 551 405
502 418 542
552 473 523
504 545 471
535 534 482
539 553 540
533 484 529
551 493 405
543 523 488
463 497 515
504 554 545
532 517 546
547 555 556
556 557 547
547 558 555
558 547 549
559 558 553
553 558 549
539 532 559
539 536 532
539 559 553
415 560 527
540 553 549
540 549 537
550 537 548
561 462 521
561 514 462
562 485 514
486 439 563
502 564 501
542 473 552
554 504 510
449 565 538
449 511 565
511 534 565
545 546 516
559 546 566
532 546 559
559 566 558
556 555 567
568 514 561
569 533 529
568 562 514
563 439 501
495 570 496
525 571 508
566 555 558
557 548 547
415 512 560
520 550 572
512 500 541
572 521 520
485 562 522
496 573 481
481 573 524
574 507 508
545 566 546
529 486 575
507 574 543
571 574 508
525 531 576
577 478 526
510 499 578
579 567 566
566 567 555
557 580 548
580 550 548
575 569 529
486 581 575
551 522 582
554 583 545
584 535 527
522 562 582
502 585 564
495 530 586
570 495 586
587 570 586
515 497 588
571 525 576
515 577 526
589 554 510
590 534 535
572 591 521
591 561 521
582 562 592
581 486 563
585 502 542
570 593 496
543 552 523
497 544 594
578 499 595
589 583 554
579 566 545
596 556 567
584 590 535
597 598 556
556 598 557
573 496 593
578 599 510
589 510 599
584 527 600
601 493 551
493 601 494
570 587 593
478 577 531
595 499 538
599 596 602
603 560 512
580 572 550
541 533 569
591 568 561
562 568 604
586 530 494
573 605 524
605 544 524
497 594 588
589 579 583
583 579 545
579 602 567
596 567 602
556 596 597
606 590 584
598 597 606
527 607 600
541 603 512
562 608 592
587 609 593
610 595 538
579 589 599
579 599 602
565 534 611
534 590 611
596 612 597
590 606 613
597 613 606
600 614 584
598 580 557
527 560 607
560 603 607
604 608 562
615 575 581
501 616 563
616 501 564
543 574 617
576 618 571
538 565 610
599 619 596
614 606 584
572 580 620
620 591 572
615 621 575
582 592 622
581 563 623
594 544 605
624 541 569
604 568 591
608 625 592
592 625 626
551 582 627
494 601 586
552 628 542
598 606 629
600 607 614
630 624 569
630 569 575
631 608 604
608 631 625
592 626 622
585 542 628
587 586 632
609 633 593
552 543 634
635 574 571
515 636 577
619 578 595
565 611 610
612 596 619
612 637 597
613 597 637
614 629 606
624 603 541
575 621 630
627 582 622
638 616 564
585 638 564
609 587 639
593 633 640
640 573 593
634 543 617
605 573 641
636 515 588
595 642 619
637 590 613
598 629 580
580 629 620
587 632 639
576 531 643
595 610 642
610 611 644
612 619 642
611 590 637
591 620 645
625 646 621
615 625 621
563 616 623
647 586 601
632 586 647
628 552 634
573 640 648
649 588 594
577 636 643
577 643 531
650 631 604
625 631 646
626 625 651
615 651 625
551 652 601
628 638 585
639 632 653
633 609 639
648 641 573
654 605 641
574 635 617
654 594 605
576 643 618
642 610 644
611 637 655
656 614 607
607 603 657
657 603 624
645 650 591
650 604 591
632 647 658
653 632 658
639 659 633
660 635 571
571 618 660
655 644 611
642 655 612
612 655 637
629 614 656
621 661 630
646 661 621
658 647 662
653 658 663
659 653 663
639 653 659
640 633 659
644 655 642
607 657 656
624 661 657
630 661 624
662 663 658
659 663 664
640 659 665
666 634 667
634 617 667
654 649 594
620 629 645
668 646 631
646 668 661
615 581 623
652 551 627
663 669 664
628 634 666
659 664 665
665 648 640
667 617 670
635 670 617
588 649 636
645 629 656
668 631 650
626 651 671
616 672 623
647 601 673
674 666 667
618 643 675
676 656 657
668 657 661
622 626 671
652 673 601
638 677 672
662 669 663
674 678 666
674 667 670
635 679 670
645 656 676
668 676 657
650 645 676
650 676 668
623 680 615
616 638 672
662 647 681
679 682 670
675 660 618
683 627 622
671 651 615
662 681 684
669 662 684
685 638 628
666 685 628
664 669 686
678 674 687
665 664 688
674 689 687
648 665 688
682 689 674
682 674 670
690 654 641
660 679 635
677 638 685
669 684 686
691 666 678
664 686 692
693 678 687
690 641 648
679 694 689
679 689 682
679 660 695
649 654 690
696 636 649
643 636 697
683 622 671
688 690 648
695 694 679
697 636 696
643 697 675
671 615 680
678 693 691
687 698 693
688 664 692
699 687 689
700 699 689
694 700 689
675 701 660
627 683 652
702 680 623
672 702 623
681 647 673
691 685 666
698 687 699
700 694 695
649 690 703
703 696 649
684 681 704
684 705 686
686 705 692
693 698 691
701 695 660
699 706 698
688 692 707
700 706 699
700 708 706
690 688 709
697 696 710
672 677 711
698 706 712
708 700 695
690 709 703
683 671 713
711 702 672
714 685 691
691 698 714
692 705 715
707 692 715
712 706 716
708 716 706
708 695 701
696 703 710
697 701 675
713 671 680
704 705 684
703 709 710
701 697 710
717 652 683
704 681 718
714 719 685
698 712 714
709 688 707
720 708 701
683 713 717
673 652 717
715 705 704
712 716 721
722 709 707
720 716 708
720 701 710
680 702 711
681 673 723
677 685 724
709 722 720
710 709 720
725 713 680
725 726 713
726 717 713
673 717 723
711 677 724
727 715 704
712 721 728
722 707 729
729 721 722
722 721 716
720 722 716
711 730 680
718 681 723
719 724 685
707 715 729
712 728 714
717 726 731
730 725 680
730 711 732
704 718 727
719 714 728
733 725 730
726 725 733
715 727 734
734 729 715
731 726 735
726 733 735
730 732 733
736 719 728
728 721 737
729 738 737
729 737 721
735 733 739
732 711 724
724 719 740
731 735 739
733 741 739
732 724 740
718 723 742
743 727 718
734 738 729
741 733 732
723 717 742
717 731 742
741 744 739
742 743 718
743 734 727
739 742 731
745 742 739
741 732 740
739 744 745
741 746 744
742 745 743
744 743 745
719 736 740
728 737 747
748 743 744
746 740 736
736 728 747
746 741 740
748 744 746
746 736 747
743 738 734
748 738 743
738 747 737
747 748 746
738 748 747
244 175 245
122 133 175
175 133 176
175 176 245
189 212 108
189 230 212
189 157 230
230 258 212
254 255 296
255 301 296
499 498 460
498 451 361
375 331 277
278 331 316
361 331 460
460 331 375
361 460 498
361 316 331
619 599 578
169 107 70
237 352 333
148 107 188
333 246 237
311 333 436
107 169 188
148 749 85
312 237 238
238 749 312
312 749 251
749 194 85
188 749 148
749 188 251
749 238 194
188 187 251
436 377 311
